10
1 10021
3 3
1 10043
1 10062
1 10089
1 1007
2 3
3 4
3 3
3 4
2 5
1 10092
3 5
2 1
3 1
1 10091
1 10053
1 10044
2 2
3 3
1 10063
1 10068
2 3
1 10084
2 2
1 1004
2 1
3 5
2 5
3 3
1 10077
1 10080
3 1
1 10020
1 10093
3 1
2 3
3 2
3 4
2 5
2 5
2 5
3 2
3 4
3 5
2 2
3 2
3 2
1 10056
3 3
2 4
1 10070
3 5
3 3
3 3
3 1
1 10038
1 10026
2 5
3 2
1 10043
2 2
3 3
1 10080
1 10073
2 2
1 1005
2 5
1 10078
1 10085
1 10070
1 10077
2 1
3 3
3 3
1 10056
3 1
3 4
3 4
3 1
3 1
2 5
1 10021
3 1
2 2
3 5
2 3
3 2
1 10050
1 10098
3 3
2 5
3 1
3 1
3 1
3 5
1 1007
3 3
3 4
2 5
