1000
3 5
3 3
1 10004
1 10016
1 10011
3 10
1 10006
3 5
2 4
2 3
2 6
1 10037
3 10
3 3
1 10013
1 10013
3 10
3 10
1 10025
1 10021
2 7
1 10002
3 7
3 9
2 9
2 8
3 4
3 4
1 10025
3 6
1 10037
2 9
2 8
1 10042
2 7
2 10
1 10002
2 2
2 4
2 5
1 10005
1 10021
1 10031
3 4
1 10013
1 10045
3 8
3 2
3 4
1 10024
3 5
2 2
2 5
3 3
2 1
3 6
1 10021
2 4
3 1
3 5
1 10049
1 10010
1 10036
2 8
1 10001
3 2
1 10017
1 10002
1 10003
3 2
1 10048
1 10009
3 3
1 10031
1 10044
3 7
1 10025
1 10041
1 10031
1 10049
2 6
1 10015
3 2
3 1
2 9
2 2
3 8
2 9
1 10018
3 8
2 6
2 6
1 10027
2 1
3 6
1 10030
1 10044
1 10014
3 3
2 8
3 6
1 10031
3 7
1 10050
1 10011
1 10002
1 10016
2 5
2 3
1 10048
3 5
3 10
2 4
3 7
3 10
1 10013
1 10040
3 9
3 1
1 10007
2 7
2 8
3 5
3 5
1 10048
1 10020
1 10026
3 3
1 10033
1 10009
1 10041
2 10
1 10039
2 7
2 1
2 9
2 10
2 9
1 10035
1 10042
1 10046
3 10
1 10004
3 10
2 8
3 5
3 2
3 7
3 4
2 4
2 4
2 2
3 2
1 10040
2 8
1 10001
1 10009
3 4
1 10044
3 3
3 2
2 4
1 10025
1 10040
3 2
3 5
2 10
3 1
1 10003
2 4
3 5
2 9
2 5
1 10028
1 10010
1 10012
1 10034
3 1
3 1
3 7
2 4
2 6
3 8
2 7
3 5
1 10026
3 8
1 10035
3 9
3 3
3 7
3 2
2 8
1 10001
3 3
2 1
3 8
2 2
2 1
2 2
1 10027
3 7
3 10
2 2
1 10036
1 10021
3 5
1 10020
1 10001
3 7
2 8
3 7
1 10042
1 10016
2 3
1 10018
2 3
2 2
2 2
2 3
3 4
2 9
1 10034
2 1
3 1
1 10046
3 1
3 10
2 9
3 4
1 10002
3 5
2 2
2 3
1 10048
2 10
3 4
1 10035
3 9
3 4
1 10041
1 10016
3 2
2 5
2 3
2 5
1 10002
3 5
1 10008
3 4
2 9
3 2
1 10034
3 2
1 10014
1 10016
1 10019
2 5
1 10006
2 9
1 10020
2 7
2 4
3 1
3 1
1 10043
1 10012
2 4
1 10027
3 10
3 10
2 10
2 8
2 1
1 10004
3 2
1 10007
1 10007
1 10049
1 10015
3 10
3 7
1 10018
2 5
3 1
2 1
2 1
3 1
1 10007
3 8
3 10
2 8
2 6
2 3
1 10001
2 6
2 7
2 2
2 10
2 6
3 2
1 10041
1 10035
2 1
3 1
2 10
2 4
3 10
2 6
3 2
3 4
3 6
3 9
1 10041
1 10002
3 1
1 10023
3 2
3 1
1 10030
3 9
2 10
1 10007
2 6
1 10014
1 10007
1 10002
2 1
1 10019
2 3
2 6
1 10002
2 3
2 10
2 4
1 10043
1 10041
3 7
1 10002
1 10036
3 9
1 10027
3 3
3 9
2 9
1 10045
2 9
2 2
3 8
1 10049
3 3
3 7
1 10019
3 9
2 4
2 4
1 10038
3 5
1 10034
2 8
1 10047
2 9
2 1
1 10039
2 10
3 4
2 4
2 10
1 10002
3 7
3 8
1 10012
3 6
3 10
3 10
1 10034
3 6
1 10030
3 7
1 10024
2 1
3 9
1 10012
2 1
3 10
3 5
1 10034
1 10017
2 10
2 8
3 6
3 8
3 8
1 10036
3 7
2 10
2 1
2 2
2 1
2 4
1 10010
1 10038
2 6
1 10025
1 10010
2 7
1 10011
1 10025
3 9
1 10037
1 10048
1 10049
1 10038
2 9
1 10049
3 7
2 4
1 10032
1 10035
3 5
2 1
3 10
2 2
3 1
1 10047
3 10
2 2
2 9
1 10023
3 2
1 10042
2 3
2 2
2 9
2 9
2 3
3 8
3 1
3 7
2 6
1 10010
2 7
1 10034
1 10047
1 10037
2 4
2 5
2 2
2 5
3 9
2 6
2 8
3 10
3 8
2 10
3 8
3 9
3 1
3 8
3 2
1 10034
3 9
1 10036
2 7
3 10
3 6
1 10031
3 7
3 7
3 10
3 2
3 6
1 10036
1 10037
1 10024
1 10024
2 10
3 8
3 6
1 10036
2 8
1 10043
3 5
2 7
1 10020
1 10044
3 6
3 1
2 6
2 3
1 10002
2 2
2 3
2 9
3 8
1 10002
2 4
1 10019
2 10
1 10050
3 8
1 10021
1 10027
2 5
1 10009
2 2
3 8
3 8
2 9
3 5
3 4
1 10028
3 8
3 8
1 10026
1 10029
3 4
3 1
2 9
2 9
2 3
3 2
3 10
3 6
1 10020
3 10
2 9
3 4
3 10
3 9
1 10005
1 10037
1 10011
1 10034
3 3
1 10020
1 10035
2 10
1 10049
3 6
2 5
3 2
1 10003
3 2
2 2
1 10029
3 10
3 5
3 1
2 1
1 10035
1 10024
1 10002
2 7
2 1
3 2
1 10026
3 9
2 7
2 5
2 9
1 10033
2 3
2 10
1 10016
1 10025
3 1
2 3
3 6
3 9
1 10030
3 10
3 3
2 4
2 3
2 4
3 2
1 10025
2 10
1 10023
1 10045
3 4
2 8
1 10046
1 10042
3 8
1 10019
3 7
2 8
1 10047
1 10003
1 10049
1 10030
3 5
3 8
2 7
1 10049
3 10
1 10001
1 10017
2 8
2 10
3 8
3 10
3 4
1 10021
1 10035
1 10027
3 7
3 4
1 10001
3 1
3 10
2 8
1 10038
1 10001
3 7
2 9
1 10020
1 10037
3 5
2 2
3 5
3 6
1 10049
2 4
1 10033
2 7
2 5
2 5
2 5
1 10002
1 10015
2 3
3 4
1 10030
3 3
1 10048
1 10006
2 9
3 4
1 10007
2 1
3 3
1 10006
3 8
1 10015
3 5
2 6
2 4
1 10033
1 10013
3 8
3 9
1 10048
3 6
2 2
1 10032
1 10004
1 10048
3 7
3 9
1 10049
3 1
1 10021
1 10012
3 2
2 5
1 10012
2 7
3 3
2 5
3 5
2 5
2 9
1 10033
2 2
3 3
3 9
1 10030
1 10029
2 1
1 10044
3 6
1 10029
1 10041
3 3
3 2
2 5
1 10046
1 10039
2 1
3 6
2 9
2 3
2 6
3 3
3 4
3 10
1 10014
1 10002
3 4
2 8
3 7
2 8
1 10006
1 10011
3 2
3 10
1 10039
3 3
3 8
3 9
1 10018
3 5
1 10029
2 8
3 9
1 10020
1 10034
3 7
3 10
3 4
1 10022
1 10048
2 8
3 10
3 10
1 10031
3 1
3 3
1 10035
2 5
3 2
1 10011
1 10004
3 9
2 3
1 10047
1 10049
1 10011
1 10021
1 10028
3 1
2 8
1 10045
1 10039
1 10048
1 10003
2 10
2 1
2 1
1 10019
1 10007
2 3
2 8
2 4
2 2
2 8
3 7
1 10032
2 2
3 1
2 8
1 10024
2 3
3 4
2 4
3 5
2 2
3 4
3 7
2 3
3 2
3 7
1 10032
1 10048
1 10017
1 10031
2 2
3 6
3 4
3 3
1 10044
1 10022
2 5
2 1
3 7
3 8
1 10030
3 3
1 10021
3 2
3 5
2 1
1 10037
1 10019
3 4
2 2
2 5
1 10037
1 10036
2 1
3 1
2 9
2 9
3 3
2 6
3 5
2 5
1 10039
2 10
2 10
3 1
3 5
3 1
2 7
2 8
3 8
1 10036
3 9
3 2
2 7
2 2
3 7
2 7
3 10
2 7
1 10012
2 2
3 2
2 8
3 7
2 2
2 9
2 7
1 10013
2 3
1 10024
1 10047
1 10039
2 2
3 9
3 9
2 3
2 5
2 9
1 10011
2 4
2 8
3 7
1 10035
1 10010
1 10005
3 6
1 10018
2 3
2 6
2 6
3 4
1 10009
2 7
1 10013
2 7
3 1
2 3
3 3
1 10003
1 10037
1 10016
1 10001
1 10026
3 7
1 10011
1 10024
2 1
3 8
3 4
2 2
1 10011
1 10042
1 10048
2 5
3 3
3 2
1 10043
1 10022
1 10004
1 10038
3 7
1 10019
1 10046
1 10014
2 3
2 2
1 10006
2 6
3 6
3 8
2 2
3 1
3 10
3 9
2 9
1 10021
1 10014
1 10030
2 8
1 10018
3 1
3 10
2 1
1 10030
3 7
1 10015
3 1
1 10049
2 6
2 6
1 10038
1 10004
3 6
3 5
2 9
1 10038
1 10038
3 4
3 5
1 10033
2 3
1 10029
1 10043
2 3
2 7
3 1
1 10015
3 1
1 10012
3 4
1 10050
1 10042
2 5
2 10
1 10021
1 10031
1 10026
2 3
2 1
2 1
1 10040
3 8
3 6
1 10045
2 4
1 10035
2 3
1 10041
1 10010
2 9
1 10023
2 5
3 7
1 10017
2 7
1 10044
2 10
3 3
1 10026
3 1
2 6
1 10025
3 5
3 2
3 6
1 10027
2 3
3 1
2 10
1 10005
2 3
3 1
3 5
1 10038
3 6
2 8
3 4
2 10
2 9
3 4
3 8
2 3
3 8
2 5
1 10010
1 10016
1 10020
3 1
1 10020
2 5
2 1
