10000
1 9190
1 29905
1 29000
1 12070
2 26
3 29
2 41
1 2085
2 25
1 14278
2 22
3 31
3 43
2 8
3 19
2 22
2 18
3 1
2 44
3 2
1 29133
3 10
3 25
1 22150
3 6
2 41
2 49
3 31
3 41
3 50
2 3
3 33
1 14155
2 5
1 20002
2 32
3 33
3 44
1 22716
2 9
3 23
3 37
2 40
3 15
2 46
2 8
2 39
3 14
1 23359
1 23382
3 17
1 8843
3 42
2 41
1 20992
3 49
1 27981
3 42
1 23879
1 26724
3 42
2 33
1 24656
1 28048
1 27687
2 9
1 25031
3 19
1 25053
1 4098
2 30
2 25
1 27735
1 24119
1 2142
2 30
2 26
3 30
2 45
2 36
1 8013
2 14
3 30
1 5706
3 6
1 1124
3 4
3 37
3 15
3 34
1 23112
2 8
2 19
2 17
3 7
3 5
3 27
3 37
3 26
1 179
1 21835
1 24105
2 6
1 25921
2 25
3 49
3 2
3 2
3 30
1 2097
3 40
3 42
2 10
3 19
3 50
2 15
3 42
1 1155
2 3
3 7
1 26739
2 14
2 16
3 7
1 7082
1 21423
2 13
1 28561
1 9159
1 28490
2 41
1 27345
3 46
3 48
2 15
2 20
3 46
2 17
3 22
3 25
3 15
2 11
2 17
3 26
1 26579
3 18
1 27590
1 26221
3 22
3 45
3 29
1 22910
3 10
2 44
3 18
3 44
3 16
2 33
1 25104
2 27
1 26272
2 46
3 21
1 25218
2 44
2 38
2 37
2 39
1 23506
2 10
1 4866
1 19870
3 20
3 34
3 45
1 29401
2 1
1 27936
3 23
2 22
1 28082
2 1
1 24532
3 44
1 20296
1 5101
3 37
2 12
3 33
1 25542
3 40
1 25507
3 37
2 12
2 24
1 26330
1 27251
1 25812
3 21
2 6
3 24
3 36
3 27
3 43
3 19
2 23
2 45
2 19
3 11
1 24767
2 40
1 29692
3 19
2 23
3 37
1 20015
2 24
3 23
3 28
2 8
1 566
2 17
2 14
1 28005
1 27130
1 29539
1 4334
3 31
2 3
2 6
1 25136
2 26
1 24291
3 15
1 5670
1 15311
3 37
2 15
1 25429
2 47
3 33
2 21
2 41
3 2
3 43
3 27
1 29316
2 18
2 2
3 43
1 27176
3 19
2 11
3 41
3 23
2 40
1 21882
2 9
2 22
3 34
3 14
3 10
1 22211
1 26357
3 24
2 30
2 17
2 10
2 46
2 48
2 9
1 2279
1 26968
3 1
1 27932
1 23110
3 29
1 23599
2 30
2 32
3 43
3 5
2 1
2 3
3 47
2 23
2 44
1 21078
3 31
3 16
1 21013
3 47
2 25
2 23
3 3
3 50
3 5
1 20171
1 26761
2 2
3 18
3 19
3 32
1 20585
1 4021
3 13
1 20047
3 50
2 11
1 29726
2 31
2 5
3 32
1 28333
1 26607
3 28
2 6
2 3
3 8
2 38
1 20570
3 22
1 22284
1 23146
1 26497
3 38
3 45
2 3
2 9
1 8505
3 4
2 28
1 17176
3 36
3 13
1 27548
1 21350
1 27911
1 26649
2 11
1 27636
3 32
3 15
1 20567
3 14
3 24
3 46
2 19
1 18578
1 24955
1 19459
3 49
1 8229
2 44
3 44
2 25
2 32
2 40
1 25027
3 42
3 46
3 30
3 21
1 25123
3 17
2 35
1 22671
3 17
3 45
3 19
2 29
1 23232
2 2
1 25895
2 50
2 16
2 20
1 29196
1 736
3 47
1 0502
1 20194
2 47
2 32
3 40
1 27990
1 29806
1 23521
3 31
2 34
1 26064
3 27
1 29366
1 29534
3 1
1 29482
3 19
2 21
1 27300
2 15
2 42
3 28
2 47
3 43
1 25375
3 46
2 10
2 44
2 43
3 46
1 28143
3 45
1 21441
1 27489
2 26
3 30
1 21831
3 34
3 2
2 13
1 8317
1 8367
2 39
3 34
1 27901
2 40
1 29868
3 21
1 29262
2 17
2 35
2 5
1 6647
1 21281
2 50
2 23
2 27
1 28659
1 9018
3 19
3 6
3 10
2 15
3 49
3 1
2 43
2 30
1 9183
1 13226
3 32
2 45
2 44
3 50
1 16736
1 28280
1 28700
3 27
1 28147
1 20172
3 38
3 13
3 7
3 45
2 11
2 37
1 27394
1 26683
3 15
2 4
2 1
3 36
1 28662
1 29212
2 50
2 10
1 26564
3 42
1 12841
1 25746
1 7819
3 24
3 43
3 15
3 24
3 28
3 46
1 4773
3 6
1 24842
2 47
3 45
2 6
2 3
3 39
1 24817
1 2441
3 34
1 21499
3 6
2 40
3 1
2 43
1 21651
1 22763
3 42
2 12
1 29326
3 36
2 2
2 24
1 3606
3 26
2 16
3 22
3 1
1 5595
3 17
3 25
1 24752
3 8
2 21
1 22346
2 14
1 20373
1 29187
2 32
1 29166
1 23420
1 29082
3 23
3 11
1 12633
2 15
3 11
2 45
2 6
2 24
2 22
2 43
1 28678
1 2495
3 49
3 5
2 12
2 22
2 5
1 22758
1 12489
2 29
1 17509
1 22398
1 25750
2 7
1 28813
2 24
3 43
2 44
3 39
3 14
3 26
2 13
2 25
1 8110
2 27
2 37
3 4
3 35
3 11
2 25
2 27
1 28840
3 20
1 13527
1 26344
1 24233
3 49
1 28748
1 16991
1 6139
2 28
2 1
1 28536
3 27
1 27057
1 27349
2 3
3 1
1 3744
1 6093
3 15
1 29221
3 6
2 41
2 30
1 182
1 3279
1 27185
1 20166
1 7089
1 11760
3 43
2 30
3 31
1 21821
3 23
1 413
3 19
3 20
3 5
3 7
2 50
1 29958
2 45
2 26
3 14
3 43
1 10980
3 17
3 38
2 23
3 31
2 11
1 29628
2 23
3 40
3 11
2 1
2 25
1 26327
2 42
2 36
1 14621
1 29721
2 16
2 41
1 28344
2 30
2 12
1 22065
1 25837
2 20
2 14
3 44
1 23664
1 22192
3 9
1 7508
2 23
2 25
1 25096
3 45
2 7
2 6
2 24
3 31
2 47
2 35
2 32
1 29123
2 11
1 28675
2 8
3 33
2 45
3 25
2 25
2 40
2 7
1 736
3 7
3 43
3 6
2 22
3 38
1 24271
3 15
2 48
1 21779
3 38
3 23
1 26874
2 32
2 31
3 31
1 24406
2 12
2 27
2 40
3 45
2 2
2 2
2 19
1 26959
1 26936
3 15
3 36
3 10
3 7
2 42
3 48
2 13
1 28336
3 5
1 20286
1 21623
3 25
1 26001
2 20
1 25855
3 38
3 44
1 2728
2 19
2 27
1 20560
3 26
1 21040
2 39
2 17
1 23434
1 25540
3 20
2 4
1 2498
2 5
2 20
1 28033
1 3267
1 28276
3 26
2 16
3 40
1 23561
2 22
1 21676
2 35
2 48
2 26
1 21955
2 3
2 13
3 50
3 32
3 33
2 26
1 1842
3 9
2 15
2 30
2 27
3 50
3 21
2 47
2 5
1 9718
1 7201
3 25
2 3
2 19
1 24402
2 30
1 29284
3 42
2 41
2 7
3 19
1 20775
1 24255
1 21494
2 31
2 7
2 8
2 33
1 27738
3 40
3 8
2 31
3 50
2 25
1 27612
2 29
2 26
1 24832
1 27825
1 28131
2 2
1 21377
3 7
1 21356
3 46
3 8
2 35
1 23831
3 1
2 27
3 38
3 19
3 2
3 44
1 2464
1 18834
2 50
1 29221
3 16
3 39
1 20663
3 26
2 22
3 14
3 2
2 33
2 42
2 29
3 15
3 16
2 11
3 16
1 17945
2 17
3 21
2 42
2 27
3 7
2 22
1 629
1 25884
2 11
3 48
3 37
1 26754
2 11
2 20
3 5
2 32
2 38
3 46
2 46
1 21815
1 26317
2 9
1 25168
1 29099
1 21951
2 46
1 23065
3 18
3 9
3 30
2 14
2 25
1 27802
3 5
3 3
3 9
1 27979
1 9382
1 3294
3 41
1 19629
1 28930
1 1847
2 41
2 1
1 3751
1 26974
3 40
1 1248
3 19
2 4
2 14
2 28
2 23
3 15
2 30
1 15971
1 26079
3 49
1 21429
1 24011
1 21463
3 5
1 28164
3 19
3 8
1 25574
1 21097
3 41
1 28867
1 26190
1 5819
2 46
2 36
3 11
3 47
2 36
1 27835
1 23936
3 34
1 23753
2 42
1 26949
2 32
3 14
1 29963
2 13
1 4184
2 44
1 24362
3 14
2 6
2 26
3 19
1 10919
2 44
2 28
1 6493
2 43
3 18
2 9
3 32
3 38
1 23155
1 26967
2 48
3 3
3 4
3 32
1 20988
2 39
1 22637
2 31
3 38
2 20
3 47
3 50
1 20283
1 932
1 20145
2 44
1 22896
3 50
3 19
3 14
3 19
2 14
3 41
2 13
1 1206
2 10
3 21
3 39
2 47
3 27
2 7
3 44
3 29
1 14911
3 28
1 25919
3 49
1 21466
3 1
3 36
3 35
2 47
3 38
1 26317
3 29
1 28732
3 12
1 2324
3 34
1 482
1 20239
1 28154
2 46
1 23631
2 16
3 3
2 40
2 36
3 42
1 27586
2 15
2 48
3 31
2 45
2 10
3 8
3 15
2 9
3 23
3 16
1 20646
1 7508
2 12
1 29233
1 20176
1 27940
1 24317
1 7488
2 13
2 2
1 27969
3 3
2 5
3 14
1 483
1 21620
2 19
3 22
3 7
2 12
3 9
2 23
3 11
3 40
3 18
3 21
3 49
3 32
1 5779
3 22
2 47
3 26
3 31
3 9
3 9
1 28858
2 50
2 27
2 45
1 6865
3 28
3 14
1 23717
2 32
2 29
1 24200
2 3
2 47
3 23
2 11
1 22810
3 32
3 34
2 21
2 23
2 1
1 13391
2 21
2 34
2 21
3 44
1 29881
2 46
2 26
2 41
2 6
1 29184
1 22440
3 34
3 30
1 29304
3 11
2 43
2 21
1 21494
2 24
3 22
3 48
3 22
3 44
1 21209
1 6632
2 27
1 24342
2 4
3 1
3 44
3 46
2 24
2 27
3 18
1 29819
2 9
1 315
3 47
1 51
3 21
1 25680
1 28991
3 6
3 11
2 46
2 19
3 6
3 16
3 14
1 26579
2 39
2 12
1 26752
1 17235
3 22
1 23383
2 13
3 15
1 13788
3 14
1 21758
1 27583
1 22889
2 36
3 50
2 7
1 24247
1 13565
2 3
3 47
3 37
3 34
3 37
3 42
3 47
2 35
1 18260
2 2
1 8450
2 24
3 30
1 22391
3 35
3 33
2 25
1 708
2 16
1 22039
1 23122
2 5
1 23104
1 24879
2 38
2 42
3 16
2 37
3 1
2 12
3 1
1 10605
1 22511
2 39
1 28191
3 49
2 31
2 37
1 9433
1 22940
3 38
3 35
2 15
3 19
3 25
1 26751
3 1
1 22601
2 8
1 23518
2 39
3 29
3 23
2 43
3 9
2 12
3 36
3 27
1 21748
3 36
1 20990
3 1
2 41
1 23500
2 39
2 31
1 22149
1 3471
3 19
2 31
2 13
1 17606
2 15
3 27
1 22476
1 22439
1 27278
3 26
2 41
3 37
1 8496
2 30
2 16
3 20
3 24
1 23474
2 31
1 20209
1 9102
3 28
3 45
1 20092
2 30
2 37
2 41
2 21
2 19
3 39
3 41
1 27687
2 20
1 26053
2 44
1 9486
3 32
2 19
1 8277
3 11
3 46
3 17
2 47
3 43
1 5696
3 12
3 12
2 19
2 38
3 42
3 28
2 39
2 22
3 24
1 28330
2 3
2 10
3 23
3 23
3 28
3 11
2 16
1 26916
2 32
3 20
1 28559
2 18
2 1
3 29
3 44
2 13
2 24
3 12
1 2860
2 17
1 7158
1 28523
2 30
3 26
3 10
2 22
3 5
3 1
3 45
1 23078
1 26932
1 28597
2 39
3 4
1 22272
2 16
1 25567
2 39
3 31
2 48
1 24958
3 41
1 6767
3 11
3 19
1 28562
2 23
2 43
1 20024
3 32
1 24861
3 33
1 0205
3 40
2 10
2 16
1 7713
3 15
1 22818
3 9
3 44
1 9750
2 8
2 33
1 21305
2 29
3 50
1 16871
2 17
3 33
1 26471
3 26
1 16073
1 29589
3 36
1 20744
1 24503
2 9
2 38
2 26
2 42
2 48
1 24410
3 48
1 1489
3 19
1 20514
2 4
3 35
1 29683
3 12
2 31
2 32
1 27171
1 28063
1 20737
2 49
1 20464
1 23959
1 3867
1 7246
1 20429
1 23143
1 9671
2 18
1 2380
1 20414
1 24520
3 38
3 3
3 47
1 20182
2 2
1 6158
3 29
3 40
1 3426
2 44
3 45
1 21613
3 27
2 9
3 43
2 8
2 29
1 21857
3 46
1 28580
1 22320
3 5
2 46
2 18
2 35
3 40
3 40
1 6654
3 20
1 28705
1 21173
2 7
1 29007
1 22921
3 40
3 8
1 29078
3 19
2 49
3 6
1 24762
1 15394
3 18
2 38
3 4
3 10
1 26598
1 29932
3 18
3 43
2 11
2 37
2 49
1 27309
3 6
1 2636
3 48
3 45
2 39
3 17
3 1
3 12
2 26
3 7
1 29734
1 23265
3 16
2 14
1 21035
2 15
1 24019
3 47
3 10
1 20838
1 9936
1 23063
1 25099
1 26533
1 22994
1 21216
1 29028
3 7
2 4
2 28
3 15
3 10
1 24013
3 14
2 6
3 2
2 33
2 9
2 15
3 10
3 15
3 48
1 4976
2 31
3 11
2 11
1 23997
1 25381
2 7
2 6
2 18
2 42
2 18
2 16
3 27
3 13
2 33
3 4
3 19
2 37
2 31
3 35
1 7948
3 44
3 1
3 3
2 45
1 29383
1 23411
2 9
1 24742
1 6228
2 8
1 29717
3 10
1 0021
2 27
1 20156
2 3
1 23885
2 13
1 17971
2 29
1 29180
2 38
2 5
1 27744
1 24521
2 8
3 15
2 7
2 40
2 49
3 4
1 20683
1 24449
2 8
1 29379
2 31
3 21
2 39
3 24
1 348
3 47
3 41
3 9
2 19
3 19
2 14
1 4971
3 4
3 28
1 29293
3 34
2 7
3 31
2 38
2 50
1 5803
1 22147
2 14
1 21561
3 36
3 15
3 16
3 21
2 15
2 25
3 49
1 22848
2 45
2 40
3 21
2 44
3 38
3 13
3 2
2 6
3 34
1 14017
2 28
3 37
1 22694
3 21
3 20
2 2
3 3
2 9
3 4
3 5
3 5
1 24969
1 26767
2 42
2 35
1 22032
2 12
1 5850
2 6
2 13
1 28697
1 23453
1 652
1 2819
3 46
3 41
1 27934
2 50
1 23096
1 19767
3 16
3 25
1 12203
1 20312
3 45
1 19924
2 15
3 47
2 34
3 18
3 3
2 38
3 39
1 28719
3 29
2 23
1 27102
2 43
2 24
3 10
1 6105
3 20
1 27912
2 8
3 41
3 7
2 50
2 24
3 6
3 45
2 40
2 24
3 21
3 44
2 37
3 16
3 19
2 1
2 14
1 29052
1 21021
1 24869
2 39
1 1111
1 29939
2 19
3 33
2 41
1 24011
2 7
2 50
2 17
2 28
2 11
3 26
2 18
3 19
2 25
3 43
2 25
2 21
2 32
3 50
1 28942
1 23877
3 38
3 9
3 45
1 22988
1 21674
1 22446
2 10
3 42
3 36
2 20
1 26481
2 5
2 3
3 21
3 17
2 11
2 22
1 26786
3 40
2 34
2 13
2 10
1 20052
1 13740
3 2
3 28
3 10
1 5586
2 29
1 28203
3 12
2 16
1 3313
2 7
3 4
2 37
3 2
1 26215
1 1528
1 8088
1 27685
2 10
2 44
3 39
2 32
2 12
1 12901
1 25603
3 47
1 23590
2 36
2 12
3 49
2 40
3 1
2 1
1 22867
2 12
3 36
1 28646
3 17
2 47
3 11
1 8429
2 5
3 16
2 15
2 7
1 7231
1 1295
2 46
2 17
3 4
1 291
2 7
2 38
2 2
3 7
2 40
2 1
1 27646
1 20928
1 26064
1 26595
3 17
1 27364
3 47
2 35
3 25
2 32
2 32
3 41
2 30
2 45
3 22
3 35
2 10
3 38
1 29593
3 42
1 5234
3 40
2 10
3 38
1 26130
3 16
1 7125
2 33
1 23222
2 16
2 35
2 18
3 45
2 48
2 14
3 13
2 13
2 10
1 28298
3 38
1 23343
3 29
2 30
2 24
1 4725
3 3
2 8
1 1535
3 41
1 27052
3 28
1 5724
1 20891
2 40
1 22963
1 7020
3 5
1 26439
3 5
3 29
3 7
1 28139
1 8598
1 20701
3 39
3 11
3 14
2 1
1 29422
1 24363
2 40
2 16
3 43
2 22
1 20439
1 28018
2 24
3 47
1 5904
1 27764
3 50
1 20533
2 40
1 15841
1 3172
2 4
1 29212
3 29
3 43
1 25716
2 7
2 49
2 7
3 4
3 1
1 18747
2 14
2 16
1 22347
3 37
3 28
2 37
1 28602
2 23
3 8
2 40
1 8840
1 23281
3 38
2 45
2 47
3 38
1 21627
3 38
1 24080
1 11151
1 22741
1 3291
3 29
3 33
2 9
2 35
3 33
1 21917
1 26488
2 36
2 13
3 3
2 1
2 9
3 39
1 831
1 20997
1 20992
1 20653
3 4
3 31
2 44
2 37
2 21
1 3290
3 35
1 15208
1 21268
3 24
2 37
2 18
3 14
3 29
2 46
1 7749
2 37
3 32
3 33
3 3
1 22919
2 18
2 15
3 23
3 21
1 6226
2 13
2 1
1 17222
3 4
2 5
2 28
3 35
1 25650
3 16
2 5
1 28939
3 2
3 14
2 6
2 25
2 2
1 22624
3 38
2 30
3 21
3 38
1 29319
3 3
3 21
1 25521
1 29573
1 28238
3 38
1 25396
1 24858
3 15
1 23608
3 10
2 36
1 22812
1 21114
1 15465
3 48
1 26763
1 15382
2 4
2 3
3 33
1 11417
3 9
2 9
3 18
2 34
1 26347
1 26199
2 4
3 36
2 17
1 21758
2 6
3 40
2 33
3 46
2 27
3 30
1 20203
2 43
1 3037
3 15
3 28
1 22200
1 25328
3 45
1 26949
2 43
1 29526
2 2
1 20495
1 1561
3 20
3 3
2 19
3 39
2 38
3 17
3 38
3 44
3 3
2 4
2 1
2 10
1 28643
3 35
1 29855
3 21
3 14
2 10
2 13
3 3
1 20624
1 23593
1 24954
3 1
2 39
1 21903
1 20745
2 14
2 6
1 21240
2 26
3 26
2 44
1 22097
2 14
3 32
3 13
2 3
1 22475
3 17
1 7407
2 27
1 3629
2 1
1 29962
2 33
2 22
2 25
1 29892
3 36
2 27
2 15
1 378
3 31
1 22818
3 16
3 35
2 12
2 32
3 40
3 3
1 23957
2 17
1 21497
3 5
3 31
2 28
2 18
1 183
2 2
3 36
2 41
3 30
3 14
1 26342
1 23341
2 49
3 15
2 18
2 40
3 50
1 044
2 7
3 28
1 24726
3 26
3 45
3 12
1 29839
2 26
2 2
2 42
3 35
1 3070
2 38
2 39
3 2
3 17
2 8
2 37
1 22020
1 27996
1 23927
1 25399
3 11
2 20
2 42
3 9
1 22834
1 11759
1 6399
3 36
2 4
3 7
1 25915
2 32
3 34
3 9
2 43
1 29622
2 37
1 19996
2 13
1 28373
2 16
2 2
3 11
2 17
1 10468
1 29171
1 26503
3 37
2 18
2 32
3 38
2 28
3 3
2 29
1 24537
2 37
3 37
3 37
2 24
2 40
2 45
2 38
1 28471
2 28
2 48
3 16
3 49
3 34
1 1711
2 14
2 8
2 28
3 15
1 9371
2 45
2 35
2 41
2 49
1 28623
1 12058
1 3632
1 22860
2 37
2 35
3 40
3 23
1 22323
3 26
2 9
2 46
1 25218
1 29403
1 835
2 40
3 30
3 32
1 21755
3 31
3 18
2 18
1 22744
2 25
1 20945
2 10
2 45
2 41
3 44
1 20485
2 40
1 20467
2 44
3 21
1 19678
3 31
2 7
1 28218
3 5
2 29
3 45
1 9266
1 22574
2 14
3 18
2 8
3 4
2 50
1 20092
1 23910
1 26932
1 21359
3 27
2 25
2 33
3 24
3 34
1 878
3 14
3 28
2 14
2 3
3 46
3 10
1 26826
2 23
3 40
3 32
2 42
2 44
2 13
3 37
1 7209
2 36
1 20952
3 29
3 46
3 5
2 30
1 27537
1 27017
3 11
1 247
3 43
1 22887
1 29179
1 11766
2 22
1 25056
3 30
1 20901
3 22
1 15484
1 21296
2 31
2 11
3 21
2 20
2 45
1 28714
2 15
1 23757
3 2
2 26
2 44
1 24854
2 6
3 41
2 8
1 22087
1 27127
2 26
3 49
2 23
3 21
3 35
2 4
3 38
2 8
3 9
2 17
3 9
2 32
3 3
1 17704
1 25512
1 24765
3 26
3 33
1 25409
1 490
2 48
1 19165
2 43
1 28475
3 9
2 46
2 32
2 49
3 6
2 18
3 28
2 31
2 18
2 2
1 20601
1 2552
3 5
3 39
3 11
3 16
2 7
3 19
1 7397
1 21161
1 24875
3 11
2 26
3 50
2 43
2 34
1 23491
1 21742
2 1
2 36
1 6568
3 11
1 26181
2 49
2 11
3 36
1 6268
2 38
2 19
2 35
3 42
3 19
3 38
3 48
2 9
3 49
3 15
1 7416
3 17
1 5264
1 24928
3 41
3 24
3 3
3 43
2 16
1 28539
1 2485
2 10
1 25389
2 20
2 27
1 3549
2 1
1 16876
2 9
3 38
2 43
3 49
1 19956
1 3778
3 42
1 1527
1 29667
3 39
3 35
1 23615
2 6
1 27652
1 28382
2 19
1 8932
1 24374
3 42
1 29784
1 7016
1 2809
3 22
1 25853
3 20
1 20062
2 22
2 47
1 23610
2 24
3 22
2 21
1 26214
1 28316
2 21
1 2521
2 45
2 12
2 47
3 12
1 50
2 34
1 1726
3 5
2 37
2 9
3 25
3 18
3 35
2 18
2 2
3 2
3 29
1 11675
1 6404
2 48
1 8089
3 28
1 7444
1 21698
1 22553
1 22617
3 20
1 28766
2 33
2 40
3 37
1 25729
1 23151
2 35
1 0192
2 3
3 18
2 20
3 9
2 5
3 28
2 36
3 24
3 12
1 26903
2 27
3 14
1 20131
2 2
3 19
3 29
3 40
3 46
1 9424
1 28989
3 49
2 41
3 11
2 16
3 25
2 2
2 4
1 1405
2 3
3 39
1 1597
1 28257
1 29856
3 16
3 17
3 12
3 45
2 2
3 36
3 9
3 7
1 29462
3 22
1 17389
3 15
2 42
1 29369
2 6
1 26490
2 43
3 47
2 40
3 35
3 7
3 5
2 11
2 8
2 9
3 15
1 22562
2 47
1 25861
1 27170
3 4
3 28
2 39
3 18
3 23
3 40
3 5
1 22231
1 23248
2 18
3 4
1 20637
1 21435
1 23495
2 5
1 27390
3 34
3 49
1 8686
1 22273
3 33
3 44
1 25480
1 25193
2 4
3 40
2 10
2 15
1 10188
3 20
3 37
1 5693
2 50
2 25
1 21660
3 22
1 20566
1 28616
3 2
2 14
2 34
3 7
2 50
1 6468
1 21803
1 20806
2 9
3 37
3 5
2 47
1 20411
2 39
2 42
2 42
1 26184
1 27695
1 23131
2 43
3 12
2 18
1 20014
3 48
3 11
3 13
1 14874
1 27022
3 34
2 39
1 25638
3 37
1 29252
3 23
2 45
3 3
1 9842
3 48
1 17211
2 50
3 36
1 3165
3 48
2 48
3 5
2 40
3 40
1 20338
3 36
1 25320
3 30
2 47
3 40
1 2344
2 46
3 50
3 8
2 19
3 23
1 28394
1 6958
1 23010
1 29682
1 22561
1 032
3 27
2 16
1 26225
3 24
2 26
2 27
3 11
2 42
3 24
1 27458
2 46
1 26165
1 25999
2 34
3 1
2 19
1 28865
2 47
1 22660
2 10
3 43
1 6659
2 18
2 13
1 4031
3 11
3 22
1 23393
3 42
3 33
2 26
3 18
1 21450
2 1
2 43
3 25
2 27
3 5
2 18
1 29252
3 13
1 9513
1 25417
1 29011
3 48
2 19
2 31
1 4913
3 15
3 42
3 22
3 9
3 2
2 41
1 28624
3 33
2 1
1 12195
1 22477
1 20745
1 24679
3 4
1 24464
2 28
2 4
3 7
3 4
3 32
3 13
1 771
1 25186
3 27
2 36
2 4
3 40
1 28035
1 24472
2 22
3 49
3 38
2 14
3 21
3 49
2 15
2 13
2 22
2 49
3 14
2 16
3 25
1 4008
3 45
2 29
2 21
3 24
1 1334
2 29
2 28
1 17268
1 25394
2 48
2 3
1 22820
3 35
3 8
1 5609
2 20
1 229
3 31
2 18
3 16
1 22944
2 40
1 23116
3 8
3 3
2 37
2 7
3 18
3 5
1 20583
3 25
1 28101
1 27313
2 47
3 24
1 28647
1 6828
1 19051
1 22266
2 21
3 1
2 18
1 25040
3 35
2 25
2 1
2 4
2 5
1 8431
3 22
3 22
2 26
1 25661
3 38
2 35
1 23065
1 25024
1 6043
3 32
1 15180
2 28
1 24758
2 30
2 40
3 5
1 21804
2 38
3 34
2 6
1 27553
2 4
1 22906
3 22
2 45
1 20891
2 48
3 47
3 44
1 502
1 29179
3 17
3 24
3 4
1 15480
3 11
2 41
3 44
1 22436
3 33
3 26
2 18
1 29510
3 33
1 7247
3 2
2 39
2 2
2 39
2 22
3 8
2 42
1 21077
2 13
2 13
3 22
3 3
1 9413
3 18
2 49
1 21914
3 49
2 15
2 39
3 2
3 44
1 25901
1 29442
3 40
2 39
3 27
2 15
1 28656
1 28188
3 49
1 25902
1 24339
2 38
3 4
2 28
1 14159
1 20263
2 21
2 36
2 25
3 35
1 23709
1 8530
1 14497
3 28
3 30
2 11
1 28626
2 44
3 1
3 30
2 40
2 2
1 29723
1 25279
1 11840
1 22049
3 45
1 20495
2 39
2 43
2 46
2 27
1 230
3 1
2 4
2 41
1 24313
3 26
3 28
2 40
3 11
1 26036
3 19
3 7
1 8965
2 48
1 6519
1 23943
3 43
2 20
1 27872
1 26234
1 24921
2 46
2 12
1 23112
3 47
2 6
2 6
2 35
3 1
1 6353
1 29861
1 28930
1 26756
2 17
2 20
1 7420
2 42
2 47
2 9
1 26352
3 34
2 29
3 11
3 1
2 28
1 22979
1 13643
2 23
3 50
2 16
1 6306
3 22
1 1811
2 20
1 1483
1 20509
3 27
3 38
2 43
1 427
1 27793
3 4
1 5709
1 24548
2 20
1 378
2 17
3 13
2 27
1 25826
3 15
1 4462
1 27356
3 27
1 514
2 34
2 5
2 6
1 27108
1 1257
2 23
1 23413
2 28
2 36
1 27582
2 11
2 44
3 11
2 50
1 26487
1 26087
3 42
1 22142
3 45
1 24889
3 13
1 23525
2 6
3 25
2 3
1 29033
3 41
1 24416
1 22740
1 9567
2 30
3 25
2 24
2 37
1 26882
2 30
3 10
2 47
1 24607
2 45
2 28
3 19
1 3740
2 40
2 19
1 26578
1 8679
1 4960
2 19
3 25
2 49
2 33
3 49
1 23056
2 10
2 3
2 40
2 50
3 19
3 31
2 19
3 50
3 6
3 44
1 11436
3 37
3 23
1 25245
2 33
3 31
2 41
3 13
3 50
2 33
3 4
2 18
2 10
3 32
3 27
2 31
3 7
2 27
3 15
3 7
2 34
2 24
2 10
1 27225
3 26
2 30
3 6
2 44
1 23579
3 13
2 39
2 16
2 1
2 11
2 11
1 6136
2 41
3 3
1 27548
2 42
1 23287
3 3
1 13559
3 47
3 35
3 38
1 1929
3 41
1 29764
1 27743
2 47
3 50
3 17
2 8
3 26
1 22344
1 23089
3 33
2 39
2 17
2 45
1 20477
3 35
2 46
3 37
2 47
2 31
2 29
1 22249
2 30
3 21
2 38
3 32
3 31
2 34
2 16
1 26168
1 22064
2 8
1 22284
2 6
1 18207
2 35
2 24
3 14
2 10
2 19
3 5
2 43
1 28707
1 3471
1 20539
2 33
3 7
2 34
1 28921
1 21553
1 24216
2 50
2 4
3 47
3 22
1 22041
2 29
2 4
3 26
1 5196
3 22
3 39
3 6
1 13207
2 46
2 12
3 41
3 22
1 29027
1 26052
2 40
1 25831
3 46
3 47
1 25654
2 35
2 29
2 10
3 20
3 50
3 13
1 23538
2 1
3 16
1 24734
1 774
3 6
3 12
3 27
2 31
1 6010
3 50
2 21
1 23115
1 29658
2 16
3 26
1 6400
2 37
3 4
1 22452
1 9979
1 29635
2 49
1 20575
3 38
3 35
2 5
1 25147
3 5
2 6
1 22911
3 42
1 23556
3 26
1 13177
2 31
3 33
1 3991
2 8
2 13
2 50
2 9
2 33
3 16
3 17
3 1
2 41
3 16
1 17789
2 44
1 21169
2 17
1 27680
3 18
3 41
3 17
2 2
2 46
1 24466
1 25408
1 26801
1 7376
2 1
1 26709
2 2
2 28
3 39
1 26284
1 21018
3 48
3 49
2 19
1 26259
1 25783
2 34
1 2225
1 25483
1 24724
1 24590
2 24
3 19
2 11
1 27390
3 49
1 27028
3 31
2 17
2 29
3 28
2 32
3 37
3 30
1 21608
1 26787
2 40
2 11
3 16
2 29
3 46
1 21183
1 20678
2 44
2 3
2 36
1 7429
1 21736
3 12
1 22911
1 22811
3 4
3 34
1 25580
2 14
2 26
3 30
2 41
1 8358
3 46
2 21
1 25485
1 22730
1 8759
1 22116
2 37
2 48
3 6
3 49
2 13
1 22536
3 44
3 48
3 13
2 38
2 50
1 6501
3 16
3 36
1 22012
1 4928
1 29046
1 28465
1 23814
2 27
2 28
2 39
2 8
2 20
3 46
2 6
3 41
2 32
3 35
1 13551
3 47
2 23
3 48
2 2
2 21
1 27511
3 37
2 14
1 3460
2 2
1 23301
1 27959
3 4
3 18
1 20546
3 15
3 48
1 5944
1 29632
1 411
3 20
3 11
3 1
2 28
2 33
1 25296
3 33
2 25
2 27
2 17
2 25
1 24325
1 3741
2 23
2 29
3 11
3 35
2 15
2 24
1 29444
1 25218
2 27
1 23754
3 21
2 44
1 24300
1 19188
2 41
3 43
1 28819
3 3
3 14
1 28181
2 3
1 20141
1 26513
3 50
1 21325
2 37
1 19678
3 43
1 26312
1 24003
2 33
2 36
3 31
1 23043
2 20
2 47
3 17
1 20213
3 15
2 45
2 16
2 37
3 40
1 14617
2 24
1 5631
3 9
3 44
1 21235
2 23
2 27
1 27338
3 15
2 39
3 37
1 26190
3 28
1 14765
1 25984
3 41
2 19
2 17
3 26
3 49
3 9
2 47
2 45
2 27
2 9
1 24811
3 23
2 26
3 48
2 13
2 43
2 23
1 28895
2 3
1 26867
1 20129
3 27
3 45
1 23818
3 42
1 22283
1 25257
1 21833
1 27412
2 21
1 27816
1 25204
1 21491
3 34
1 11429
3 39
2 45
3 27
2 35
2 23
2 35
2 48
1 26546
3 13
2 47
1 23458
1 29757
1 5769
1 22352
2 9
2 37
2 32
2 38
2 31
3 50
2 31
2 16
1 27906
3 13
2 29
3 28
1 21880
1 6083
3 20
1 9214
1 3863
1 21258
3 8
3 40
2 44
1 1880
3 26
2 43
2 27
3 38
1 27639
3 34
1 20694
1 9760
1 16937
3 5
3 46
2 21
3 44
1 23579
1 21122
2 24
1 20694
2 29
2 36
3 24
1 29656
3 17
3 6
1 21775
3 32
1 24221
1 29384
3 41
1 29210
3 29
1 24173
3 37
1 1272
3 49
3 25
1 25262
2 35
1 29570
2 21
2 23
1 2426
2 17
1 28943
1 25519
3 45
2 14
1 24492
3 40
1 25442
3 29
1 12313
2 49
2 48
3 21
3 25
2 29
3 41
1 25310
1 25220
2 2
3 39
2 42
2 38
2 12
1 24692
2 14
3 23
3 26
2 34
2 44
2 49
1 21261
1 27612
3 41
2 30
1 21308
2 7
2 23
2 47
2 48
1 21504
2 11
1 23649
3 1
1 23383
3 23
2 31
2 23
3 33
1 7502
3 26
1 24473
2 43
2 14
2 34
1 7937
1 26027
1 20508
3 12
2 12
3 1
3 10
3 23
3 12
2 3
2 4
2 21
1 28311
1 23228
3 19
3 10
3 31
1 19680
1 24158
3 33
1 29414
1 3733
2 14
2 39
2 17
2 15
2 14
2 39
1 28060
1 28227
3 24
1 5996
1 24254
1 21631
2 9
3 17
1 25984
2 21
1 589
1 27947
1 27623
2 42
2 18
1 2285
3 20
1 16536
1 22794
2 2
1 22567
1 6952
2 37
2 31
3 36
1 20200
1 28019
1 25652
2 16
1 13132
2 42
3 27
2 11
2 15
2 22
3 16
2 47
1 6633
2 32
2 30
2 3
3 21
3 29
2 25
1 2564
1 25696
3 9
2 35
2 33
3 4
3 39
3 50
2 7
2 25
2 32
1 22092
2 24
1 27500
1 24095
1 15291
1 26983
3 36
1 21068
3 43
1 21752
3 41
2 8
2 49
3 23
1 23142
1 22480
1 18525
1 28512
1 26958
3 1
2 27
1 29005
3 11
3 12
3 38
3 15
1 24900
3 39
2 23
2 24
2 20
2 15
1 6199
2 21
3 9
2 39
3 5
3 47
3 8
2 48
3 48
2 1
3 7
2 48
1 20273
1 28948
3 28
2 50
1 23811
3 37
2 2
2 38
1 17892
2 13
3 1
1 21831
2 29
3 2
1 26919
3 1
1 1525
2 40
3 17
2 25
2 10
3 28
2 15
1 4366
3 24
1 823
3 13
2 23
3 25
3 22
1 25371
1 21897
3 21
3 50
1 23398
1 28434
3 36
2 50
1 26023
1 10429
2 12
3 23
2 9
1 20442
3 24
2 29
3 42
1 21150
1 23368
3 9
3 26
3 29
3 36
1 23490
1 20345
3 11
2 14
1 17509
2 33
1 22288
3 32
3 3
3 37
1 1455
3 2
3 34
1 29888
1 22140
2 35
1 5910
1 22568
3 48
1 6284
2 27
3 39
1 25909
1 26707
1 25383
2 8
2 25
3 43
1 14985
2 5
3 30
2 24
3 1
2 40
3 40
3 12
2 22
2 29
2 43
1 28627
1 24665
2 47
1 28228
3 1
1 1134
1 719
1 21687
2 45
2 37
2 35
1 29678
3 15
1 3875
1 586
1 27171
1 29257
2 45
3 47
2 49
3 29
2 2
2 28
1 28805
1 21454
2 17
2 46
1 24415
3 41
1 24774
2 8
1 24467
1 25791
2 6
1 29046
1 17093
2 42
3 15
2 29
1 2686
1 5051
3 15
1 2364
2 15
2 40
2 1
2 37
3 46
3 46
2 34
1 5745
3 26
1 24987
1 8574
1 28782
1 26440
2 43
2 27
1 855
2 33
2 3
1 21414
2 1
3 43
3 21
3 48
3 37
2 12
3 12
3 15
2 50
1 23664
2 30
3 15
2 30
3 19
1 10915
1 4567
3 16
3 12
1 3552
1 17562
3 38
1 28538
2 36
1 29321
3 29
1 20578
3 48
3 35
2 12
3 50
1 29948
1 4664
2 44
3 21
1 21161
3 30
1 11084
1 29775
2 46
1 28983
1 29790
1 29775
3 47
3 20
1 17595
1 2864
2 38
1 23061
1 23425
2 41
2 22
1 23964
3 28
2 9
1 3285
2 6
2 38
1 18384
3 43
1 23601
3 33
3 42
1 28264
2 28
1 23062
2 27
2 7
2 46
1 25551
3 2
2 28
1 5340
3 29
2 27
2 11
1 28223
2 40
3 50
2 35
3 14
2 40
2 9
1 25328
1 16769
3 19
1 24964
3 27
1 24107
1 3347
3 19
2 9
1 7381
2 10
1 22323
3 8
3 24
3 1
2 16
2 19
3 1
2 17
1 20248
2 42
2 47
3 24
3 5
3 20
2 13
3 6
2 6
1 20979
1 3098
1 22216
1 26306
2 16
3 35
2 21
2 44
2 41
1 10967
1 21714
3 49
2 49
3 24
1 23123
2 6
3 47
1 7573
3 21
1 12667
1 23925
1 4089
3 14
2 19
2 36
2 38
2 25
2 7
1 17852
1 24380
2 14
2 30
2 27
2 30
3 37
1 23695
3 14
3 7
2 40
1 29606
1 26425
3 4
1 20406
2 25
3 29
3 29
1 25580
2 27
3 3
3 2
1 6943
1 7730
1 28043
3 8
3 50
3 30
1 20797
1 29424
2 36
2 49
3 5
1 28649
1 23830
1 23984
2 30
1 5317
1 24030
1 24443
1 20775
1 9419
2 48
1 23552
3 24
1 20806
3 26
3 2
3 36
3 8
1 29528
3 38
3 11
1 22822
3 19
3 3
3 30
3 20
2 32
1 29826
1 20395
1 23119
3 26
1 10550
1 18120
3 6
1 20885
1 29699
1 20324
3 14
2 44
2 50
3 34
1 4541
2 3
3 8
2 48
2 31
2 11
1 22383
1 27688
2 39
3 23
1 14598
1 23862
2 41
3 3
3 41
2 13
3 36
2 19
3 7
3 5
2 46
3 8
2 24
1 25253
1 8242
2 22
3 26
1 9507
3 15
1 29378
1 20191
1 27058
1 23082
3 50
2 5
2 12
2 10
3 38
1 21851
1 26300
2 12
1 2801
2 12
2 4
2 3
2 4
3 16
1 3438
3 22
3 23
3 42
2 18
3 30
2 17
3 20
3 24
3 41
3 48
2 30
1 1805
3 27
2 22
2 14
1 24708
2 21
2 21
1 872
3 33
1 17810
2 22
1 26332
1 12171
2 22
3 43
2 24
1 22224
2 47
1 1840
1 2014
2 20
1 28514
2 5
1 25789
3 45
3 24
1 29759
3 18
1 28914
3 8
1 22950
2 20
3 36
3 21
3 34
2 43
2 44
2 6
2 14
2 26
3 15
3 36
1 22407
3 37
2 7
3 2
1 23612
1 26383
2 48
2 3
1 28396
1 28219
3 16
3 2
2 8
2 13
1 21325
2 18
2 30
1 20238
2 25
3 31
2 10
2 10
3 2
2 43
3 4
2 45
1 21250
2 20
3 20
1 28014
2 7
1 25478
3 2
2 15
1 729
1 23263
2 47
3 28
3 16
2 44
3 47
2 33
3 48
1 0454
1 10945
3 24
3 23
2 27
1 27664
1 9047
2 7
3 23
3 8
2 10
1 3617
3 13
3 6
2 16
2 34
1 25677
2 31
3 40
1 1155
2 32
2 5
2 33
3 46
3 3
2 13
3 13
3 49
2 9
2 48
2 46
3 14
2 42
2 19
3 36
2 20
2 32
1 22034
3 29
2 6
1 25893
3 38
2 22
3 7
2 46
2 37
2 41
3 22
3 17
3 30
2 26
3 50
1 20186
3 11
2 46
1 25141
2 25
3 8
3 39
1 22983
1 23105
2 36
1 9048
3 49
3 4
3 35
2 20
2 38
1 14068
2 50
3 43
1 26312
1 4940
2 15
2 18
3 35
1 27001
1 7610
3 6
2 20
1 3440
1 20384
1 21519
2 27
2 46
3 14
3 17
3 20
2 24
3 7
1 27052
3 30
2 42
2 1
3 30
2 46
3 35
1 23750
3 35
3 4
2 49
3 29
2 15
1 4038
2 43
1 13134
1 7524
3 46
1 20744
3 30
1 21215
2 35
1 22913
2 35
1 0511
2 8
1 25799
3 30
2 27
3 24
3 36
3 30
3 3
1 25878
2 32
2 33
2 25
1 27666
3 34
2 9
2 21
2 34
2 37
1 20135
2 24
3 32
1 9620
2 47
3 29
2 13
3 26
1 2943
1 27249
3 40
2 29
1 4112
1 28849
3 27
1 26091
3 27
3 2
1 4978
3 8
2 7
1 27207
2 39
1 25489
3 31
3 6
1 22274
1 21641
2 26
2 7
3 30
3 10
2 30
3 13
3 32
1 4579
3 41
3 44
3 4
1 23935
3 45
2 46
3 13
2 6
3 44
2 42
3 48
3 23
2 43
1 24625
3 30
1 28849
2 32
1 21219
1 20689
2 14
2 24
2 12
3 7
1 28350
1 27471
3 38
1 27861
2 2
3 50
1 6992
3 30
2 40
3 38
3 36
3 26
1 15932
1 29283
3 38
3 39
2 26
2 29
2 36
2 48
1 7124
3 10
1 22680
2 22
2 43
3 48
1 3013
1 0459
1 25573
2 26
3 15
1 20274
2 48
3 2
1 8135
1 752
2 1
2 28
1 3581
2 42
2 17
3 18
1 21617
3 50
1 652
3 4
2 38
3 28
3 35
2 23
1 18177
1 22760
1 21685
2 8
2 33
2 29
1 21105
2 45
2 37
2 28
1 6773
3 1
2 3
3 20
2 4
1 7789
2 21
2 6
3 19
2 4
3 49
1 16285
2 23
1 27815
2 37
3 25
2 21
3 24
3 4
1 25657
1 25949
3 30
1 28416
2 35
2 38
3 48
1 3963
3 44
2 43
1 24400
1 4473
3 15
1 21802
3 26
3 36
3 8
1 25564
1 11307
1 20413
3 32
3 10
1 26612
1 3819
2 32
2 28
2 5
2 6
3 50
3 30
2 9
3 6
1 16080
2 41
1 21221
3 14
1 22580
3 21
1 10379
3 25
2 15
2 30
1 24848
1 23731
3 31
1 18975
1 1366
2 40
2 40
2 24
3 5
2 22
2 33
3 18
2 42
3 17
1 20045
2 46
2 24
3 45
2 27
3 35
3 2
2 9
3 27
3 25
2 22
3 8
1 24995
3 50
3 32
2 9
2 29
1 6581
1 27739
1 25062
2 5
2 6
2 3
3 47
3 30
1 7257
1 4868
1 14764
2 24
1 23461
2 30
3 19
3 8
3 6
1 20115
1 3234
1 2142
3 16
2 42
3 18
1 390
1 28066
3 27
2 36
3 17
3 8
3 44
1 1198
1 17891
3 34
2 11
2 47
1 21642
1 23563
3 43
2 21
2 20
3 12
2 34
3 45
1 27272
1 27166
3 15
3 29
2 23
3 29
3 15
2 14
3 47
3 8
2 33
1 26288
3 25
2 9
2 24
1 25592
1 29418
2 19
2 41
2 10
2 5
1 25751
1 23457
1 27946
2 13
1 6049
2 18
3 34
1 26213
1 17653
1 20179
2 34
2 18
3 43
1 8565
1 2992
3 24
2 31
3 7
2 20
2 38
1 28191
3 9
2 13
3 1
1 6434
2 4
3 19
3 5
2 46
2 30
2 9
3 46
3 36
3 6
1 28360
3 37
1 3923
3 44
3 49
2 27
3 24
2 34
3 47
3 16
1 18900
1 22088
2 41
2 30
3 45
2 10
3 18
1 29937
2 21
1 25682
3 38
3 4
1 29487
3 8
3 10
2 32
2 37
2 18
1 29127
1 24975
1 6975
2 36
1 2911
2 49
2 31
1 23411
3 26
2 4
3 46
1 24272
2 22
3 46
1 22711
2 12
2 25
1 24457
3 24
1 8594
1 24394
2 44
2 25
1 26981
1 16349
2 11
1 27988
3 9
1 20192
2 26
2 28
2 20
3 50
2 3
3 8
3 12
1 28303
2 38
1 5072
1 3478
1 4594
3 20
1 24101
2 15
3 15
2 12
1 8126
1 28941
2 20
3 1
2 37
1 22013
2 44
1 18161
2 45
3 45
3 24
3 32
3 5
2 17
1 20758
2 32
3 37
1 29509
1 27036
1 29994
3 21
2 41
3 33
1 26242
3 18
3 26
1 27763
1 15621
2 40
3 29
2 34
3 18
2 20
2 3
3 18
3 8
3 18
2 14
3 20
1 0112
2 10
1 245
3 46
1 9914
2 12
1 26905
3 47
1 21900
1 6413
2 33
2 45
1 27583
1 20973
1 2777
1 20177
3 42
1 21903
2 39
3 14
1 26544
3 20
2 47
3 13
1 3441
1 26002
3 31
3 48
3 21
2 46
1 10167
1 232
3 7
1 0412
1 27027
1 3970
2 25
1 20283
1 6216
3 24
2 46
2 50
3 18
2 30
2 24
3 46
1 806
1 21666
1 9350
3 47
1 22481
2 44
2 16
1 22080
2 6
3 6
1 28081
1 9938
1 15655
1 25201
3 35
1 22173
1 28784
3 41
2 34
2 13
1 20360
1 4408
3 45
2 28
1 4483
2 40
3 27
3 2
1 26122
2 3
3 48
2 29
3 20
1 13247
2 25
2 50
2 42
3 42
2 29
3 48
1 27149
3 11
1 3337
1 29155
3 13
1 25672
1 21328
2 47
1 28414
3 13
1 19809
1 25126
3 23
1 28605
2 3
3 5
3 45
3 31
3 7
1 23866
2 33
3 6
2 44
1 7802
1 21802
1 21871
3 2
3 44
2 14
2 32
3 43
2 15
2 43
1 24029
2 19
2 7
2 2
3 48
3 3
2 16
2 11
1 24163
3 43
2 33
3 18
3 45
1 21387
2 14
2 27
1 26045
2 31
3 12
1 24600
2 26
1 23163
2 4
2 48
1 8116
1 0047
3 14
2 50
1 27091
2 28
1 3794
2 21
3 48
3 50
1 23523
2 46
3 3
3 40
1 6258
1 22667
2 32
2 40
1 1786
1 0628
1 29878
2 1
3 6
2 23
1 22081
2 17
1 26874
3 9
1 25030
2 27
2 6
1 19497
1 26025
2 19
3 46
2 15
3 48
2 39
3 36
1 7548
1 6091
3 10
3 45
3 45
2 1
1 25202
1 27261
2 34
3 41
1 25399
3 13
1 7218
3 49
3 18
3 42
1 28832
1 23135
1 26366
1 27840
2 16
2 44
2 47
2 12
3 19
1 5568
3 10
2 35
2 15
1 24100
2 22
2 14
2 40
2 31
2 8
1 4784
1 22733
2 9
3 47
2 16
3 49
1 23795
2 28
3 19
3 43
2 46
3 10
1 3024
3 30
3 27
1 7215
2 45
3 21
3 12
1 24558
3 41
3 29
3 19
1 12375
2 45
1 27169
3 47
3 11
2 10
2 29
2 18
1 28494
3 12
1 3879
1 26890
2 27
1 1929
1 27036
1 3607
2 47
1 7580
3 2
2 9
2 4
2 33
3 35
3 20
3 29
2 7
3 33
1 27638
2 47
3 13
1 707
3 22
2 10
2 27
3 20
2 20
1 27936
1 1098
1 21837
2 31
3 9
3 15
2 20
2 36
3 44
1 23057
3 44
1 1192
2 37
2 45
1 29500
3 42
1 27179
3 37
3 11
3 7
2 43
2 44
1 1544
3 42
3 8
2 2
2 15
2 17
1 22828
1 14034
3 36
2 16
2 31
1 225
1 29896
3 42
3 41
3 18
1 24929
3 36
1 28974
2 22
2 28
2 10
3 18
2 29
2 1
1 27596
1 21317
2 14
2 4
2 12
2 9
2 47
1 7703
1 21866
1 24351
1 29367
2 33
1 23530
2 2
1 23620
1 10645
2 34
2 44
1 20541
1 25275
2 37
1 26458
2 5
2 22
2 31
1 25976
1 22601
1 21393
2 43
2 30
2 43
2 40
3 46
1 10258
1 18193
2 7
2 16
1 3942
3 11
3 32
1 8292
1 28279
1 16866
3 21
3 30
2 37
3 16
2 16
2 31
1 9358
2 40
1 29519
2 15
1 23797
3 40
1 27597
2 22
3 41
2 39
1 22517
2 22
3 34
2 6
1 26769
1 24191
1 21049
3 28
3 9
1 24990
3 38
2 40
2 33
3 17
3 7
2 3
3 48
3 43
1 20270
2 13
2 25
2 27
3 5
2 45
1 25441
2 1
2 35
1 38
1 29624
2 27
3 28
1 28492
1 27250
3 11
3 50
2 18
1 22854
3 48
2 45
2 12
1 089
2 35
3 3
1 29721
2 3
1 24859
2 25
3 50
1 20503
1 17795
1 20665
3 30
2 21
2 19
1 25374
3 14
3 21
3 10
2 3
1 26196
2 36
1 16980
2 38
2 35
1 25643
1 22387
3 5
2 46
2 36
2 49
3 7
3 24
3 35
3 9
3 46
3 37
1 28919
3 20
2 37
2 23
1 5316
2 1
1 28952
2 39
3 21
3 28
3 2
3 43
2 37
1 23256
1 22738
1 29175
1 26587
2 27
2 11
3 29
3 13
3 15
2 26
2 50
2 16
1 22382
1 23925
2 50
1 16442
2 20
2 37
3 12
1 5092
3 25
1 27485
2 7
2 27
3 38
3 45
2 47
2 17
3 48
2 41
1 22704
3 3
3 28
2 30
2 42
1 4205
1 940
2 20
1 26719
1 27557
3 46
2 19
3 22
3 29
1 20643
2 23
1 21173
2 15
3 11
1 22884
3 6
3 35
3 20
1 26414
1 28313
2 8
1 12261
3 11
1 29324
1 12760
2 1
2 29
1 6515
2 29
1 16608
3 6
3 35
2 50
1 9425
1 4853
3 6
3 22
3 21
2 27
3 3
3 16
1 24451
2 25
2 30
1 26362
2 8
1 29137
3 48
1 17280
2 2
1 18161
3 39
1 24162
1 7621
1 28814
1 13274
3 22
3 43
2 38
1 8702
3 2
2 43
1 26836
2 3
3 19
2 38
2 8
3 43
2 11
1 27036
3 45
2 26
2 37
1 5669
1 17657
2 50
1 6228
3 45
3 47
1 29859
1 5046
3 7
2 47
1 5560
3 30
2 11
2 33
1 7303
1 25355
2 20
1 26004
2 8
1 1614
2 39
3 11
3 32
1 24526
2 18
3 26
3 38
3 6
3 20
2 13
1 18992
1 20940
2 21
3 43
1 23520
1 25815
2 39
3 28
3 13
2 48
1 22727
1 2772
3 29
3 39
1 1604
3 31
1 12595
2 25
1 27984
3 2
2 38
3 22
2 14
2 21
3 49
1 23534
2 47
2 37
3 39
2 16
1 17201
1 16382
2 8
3 22
1 25924
1 29229
1 22038
1 25864
3 8
3 50
2 11
1 21684
2 21
2 39
3 22
3 26
1 1021
1 15166
1 26550
2 4
3 20
3 37
2 25
3 33
1 23308
1 21524
1 22566
3 6
1 20062
1 3604
1 24871
1 7262
1 26337
1 0580
1 23485
2 10
2 8
2 23
2 26
1 28766
2 24
2 38
2 1
1 23145
3 29
2 23
3 20
2 49
1 20890
1 26022
3 3
3 11
3 8
2 29
3 44
2 17
3 4
3 11
1 13222
1 22015
3 17
3 45
3 27
1 27453
3 26
3 13
1 16065
1 21184
2 37
2 40
2 1
1 2111
3 27
1 23101
2 5
1 7255
2 25
2 26
2 4
2 17
2 49
2 6
3 27
3 7
3 34
3 22
1 24625
3 38
3 33
1 7847
1 28454
3 49
3 43
3 32
2 3
3 18
2 45
2 17
3 3
1 4181
1 20556
2 3
2 41
1 26285
2 6
1 27897
2 39
2 32
2 25
3 44
1 20900
2 23
1 26451
1 16529
1 10281
1 20937
1 24400
1 4906
3 26
1 29784
2 4
3 29
3 32
3 46
2 11
2 35
2 13
2 7
3 3
3 16
3 37
1 27161
1 25520
2 30
2 45
1 25177
2 28
3 35
2 11
2 2
2 29
3 10
1 21927
3 29
1 27438
1 28559
1 23117
1 18190
2 16
3 42
1 7973
1 5271
1 26321
1 4257
3 16
2 33
3 43
2 31
1 22039
3 45
1 28798
3 27
3 5
2 19
2 8
1 5349
3 46
1 15186
1 15036
2 6
3 39
3 14
2 17
3 17
2 44
2 7
1 7876
2 11
3 46
3 41
3 4
3 18
3 14
3 24
1 23676
1 22329
1 11808
3 18
2 11
3 48
3 15
3 10
3 25
3 19
2 29
2 34
2 20
2 26
3 19
2 5
3 33
2 10
2 20
1 5501
2 26
3 15
2 7
3 3
3 27
1 17502
2 46
2 31
1 26922
2 9
1 13456
2 49
2 39
2 14
2 17
1 7200
1 21813
2 31
3 11
2 37
2 1
2 39
3 23
1 24770
3 16
3 43
2 26
2 50
2 2
3 47
1 24201
3 30
1 25662
3 7
2 32
1 23338
2 11
1 8427
2 20
2 34
2 37
3 26
1 20682
1 28876
1 28991
1 150
1 26075
3 3
3 30
2 35
1 11192
2 31
1 13076
1 4814
2 2
3 43
3 6
1 24930
2 43
1 27408
1 28976
2 43
1 29439
2 39
3 1
3 20
2 27
1 28413
3 49
1 598
3 46
1 6735
3 23
1 22828
2 10
2 13
2 27
1 8036
2 16
1 859
2 23
3 9
3 41
2 48
3 22
1 28544
2 42
3 29
2 23
1 24584
1 27438
3 1
1 9578
1 16876
2 39
3 31
3 46
1 467
3 43
3 44
1 5065
2 39
1 23680
2 37
3 18
3 40
3 2
1 28596
1 27325
1 2469
3 4
3 47
3 27
3 46
2 46
3 50
1 23990
1 6838
3 28
1 3814
1 27773
3 16
1 22614
1 7351
1 26593
2 3
1 24881
1 27938
2 21
3 25
3 33
1 24285
3 13
3 15
2 24
2 32
3 4
2 27
1 27478
3 30
3 45
1 20283
2 27
3 23
1 25729
1 23224
2 22
1 29718
1 20061
1 3501
1 23531
2 34
1 13218
1 2497
3 36
1 29811
3 1
2 18
1 24100
2 21
1 9942
1 25335
3 8
1 25205
3 49
1 25133
1 4086
3 4
3 9
1 7915
3 33
2 5
2 48
3 9
1 26029
2 28
3 33
2 2
2 47
1 28495
3 2
1 26229
3 30
1 26672
2 25
3 15
2 32
1 29975
1 26982
2 33
1 26798
3 24
3 19
3 5
3 30
3 17
2 37
3 17
3 22
1 22897
1 23184
2 5
3 3
3 31
1 29915
3 31
1 18010
1 28349
3 32
1 24356
2 44
3 33
1 20584
2 25
1 29706
3 9
1 0090
3 37
2 35
3 23
3 22
2 32
2 48
2 40
2 38
2 27
1 23309
3 26
3 46
3 30
2 22
3 29
3 36
1 28924
3 11
3 1
1 24904
1 29370
1 649
1 24485
1 77
3 44
1 27520
2 10
1 27719
2 25
2 20
3 8
2 14
3 7
2 32
1 5587
2 38
1 24280
3 28
3 26
3 8
1 29688
3 1
2 3
1 25370
2 25
3 31
1 15755
2 48
2 43
1 26055
3 4
3 12
2 6
1 19840
1 27038
2 49
2 11
3 50
3 17
1 27288
2 19
3 26
2 3
1 28675
1 8
3 39
2 15
2 37
2 16
3 42
1 22444
2 6
3 44
3 49
3 25
1 28218
2 31
1 26179
2 18
1 8874
2 36
2 23
3 37
1 9641
2 12
1 29225
2 39
1 27575
2 26
1 23156
1 24862
3 46
3 33
1 18264
2 23
1 26640
3 2
1 27137
2 28
2 19
3 28
1 8424
1 27674
2 23
3 22
2 48
2 41
2 4
2 29
1 29310
2 27
3 14
1 26982
2 14
3 4
2 45
1 27740
3 44
1 28419
3 17
3 1
1 23280
2 12
1 21534
1 27895
1 11434
1 24525
1 1498
2 22
1 24153
2 17
2 49
1 28928
1 18142
1 20374
1 28751
2 42
3 14
2 4
1 23220
2 23
1 9831
2 35
2 6
3 46
1 27638
1 24500
1 2437
3 31
1 22919
1 26153
1 28984
3 50
3 16
2 17
1 0445
1 24000
3 41
3 42
2 21
3 45
1 2410
1 26872
1 4472
2 2
2 45
2 22
3 45
2 10
1 29428
1 22714
3 34
2 10
2 48
2 39
3 7
3 37
1 29438
3 43
1 7219
2 8
1 25247
2 2
2 8
1 4164
3 18
1 28054
2 13
2 11
3 45
1 23436
3 7
1 28757
2 9
1 24479
3 8
1 20255
3 2
3 2
2 14
1 29831
1 17867
3 49
3 40
3 16
1 27437
2 46
1 11202
2 26
2 40
2 22
1 1934
3 36
3 24
3 43
1 4250
3 43
3 48
3 14
2 5
2 42
1 28551
1 8512
3 50
3 9
3 42
2 9
3 13
3 45
2 10
1 26678
3 26
3 28
3 26
3 15
2 43
2 14
2 13
2 46
3 42
2 2
3 18
1 20827
1 8390
3 43
1 369
3 41
2 37
3 18
3 6
1 21992
3 11
3 7
2 3
2 11
2 17
2 46
1 24719
1 26032
1 5940
2 31
2 9
2 17
1 2308
2 37
1 23234
3 3
1 27552
3 46
2 50
3 43
1 22297
2 19
2 21
2 38
1 14661
3 39
2 28
1 8148
2 8
1 20134
2 41
1 25619
1 22790
1 23345
3 29
3 8
3 40
3 47
3 39
3 31
3 27
3 50
1 23698
3 37
1 6686
3 31
3 41
1 20589
3 26
2 40
1 27034
1 25924
1 19411
3 4
2 12
2 23
2 45
2 41
3 22
1 22952
2 24
1 21412
2 20
1 24615
2 6
3 48
3 23
1 20647
3 47
1 27361
1 22478
2 25
3 10
3 25
3 11
3 47
2 7
2 3
1 5788
1 23084
1 21995
2 21
1 29007
2 5
2 26
3 20
2 27
3 20
1 3661
1 26749
1 24722
1 15486
2 12
1 29643
1 10101
1 29268
3 41
1 24425
1 19914
2 39
1 28137
2 43
2 13
3 49
1 4917
1 9024
3 45
2 25
3 28
3 34
2 8
1 21522
3 4
3 15
3 26
1 3932
3 36
1 1105
3 1
1 1146
2 3
2 24
2 32
1 22364
2 17
3 34
1 17983
2 9
1 23860
2 49
3 47
2 46
3 41
2 9
2 44
1 24260
2 34
1 27791
3 34
3 12
2 24
3 42
1 27383
1 19530
2 8
3 11
2 11
2 45
1 27765
2 13
1 22941
3 17
3 37
2 24
3 32
1 28703
2 9
3 15
2 11
3 18
1 22915
3 7
1 1213
1 5905
2 15
3 9
1 20164
2 49
1 27649
1 11500
1 22512
3 24
3 43
1 29894
1 8955
2 50
3 4
2 15
1 22746
1 20670
1 7928
1 25686
3 36
1 0214
3 11
2 20
2 18
2 21
2 36
2 28
1 8888
3 50
1 13584
3 3
1 24454
3 50
2 13
2 20
1 20550
3 13
3 19
1 23061
3 36
2 11
2 7
1 8691
2 12
2 12
3 7
2 7
3 32
1 25384
3 45
3 19
1 21949
3 7
2 38
3 16
2 30
1 28123
1 24145
3 19
3 24
2 28
2 21
3 28
2 30
2 35
3 49
2 29
2 47
2 17
1 7942
3 33
1 22729
2 50
3 25
3 42
1 25811
3 31
2 50
1 5044
3 17
1 9496
1 20563
1 24817
1 25005
2 2
3 33
2 34
3 27
1 16177
2 2
3 50
2 7
1 23825
3 29
1 24588
3 9
2 27
1 9468
2 8
1 29145
1 27409
1 20890
2 25
2 8
3 16
2 16
1 23171
3 46
3 18
1 24566
2 14
1 1513
2 28
2 31
1 12869
3 32
2 15
3 2
1 11110
3 43
2 4
1 18009
2 49
2 30
3 40
3 38
3 40
3 16
3 6
2 47
1 29761
3 14
2 38
3 35
2 24
2 3
1 21703
2 46
2 1
3 20
3 11
1 28214
3 34
2 41
3 44
1 24453
3 22
2 8
3 6
3 31
1 28601
2 11
3 41
2 1
1 27690
3 30
2 39
1 27580
3 48
1 0894
2 28
3 10
1 23259
1 28166
3 44
1 22984
3 18
1 29498
2 29
2 18
3 19
3 40
3 32
3 5
1 28632
3 27
2 9
3 3
1 24935
1 22164
3 35
2 37
3 25
2 27
1 23037
1 20066
2 9
3 27
1 23997
1 1456
1 28922
3 25
2 15
2 33
3 40
2 10
2 16
2 7
3 8
1 23747
1 13877
3 28
1 23438
3 10
1 25632
3 19
2 36
2 40
2 23
3 22
2 6
2 9
1 28358
2 30
1 26335
2 47
3 47
3 45
1 19423
1 28894
2 50
2 47
3 18
1 29516
1 23229
2 7
2 26
3 46
1 29315
1 785
3 42
2 43
1 8912
2 29
1 22452
1 20896
1 26699
3 40
2 37
3 21
3 11
1 3642
2 29
1 22819
1 28473
3 16
2 15
3 22
2 10
3 39
1 8615
3 12
2 35
3 32
3 27
3 15
3 40
3 2
2 11
3 6
3 38
2 4
2 49
1 20752
3 33
3 2
2 47
3 33
2 41
1 29185
3 4
2 2
2 29
2 34
2 22
3 3
1 21899
3 36
2 24
1 20261
3 26
2 40
1 16872
2 11
3 23
2 48
1 28725
2 12
1 1350
2 35
2 20
1 3189
1 23339
3 20
3 40
1 20873
3 23
1 5586
1 15105
2 14
2 23
1 9260
3 17
1 20301
2 44
1 5040
3 5
1 4194
1 29425
2 29
1 24454
1 6500
2 20
2 25
3 12
1 28393
3 25
1 29687
3 6
1 28376
3 23
2 25
2 14
1 16163
2 46
2 4
2 37
1 18419
2 41
3 44
2 34
1 8563
1 24103
1 9852
2 15
3 48
2 41
2 22
3 42
2 15
1 26600
1 21397
3 16
2 21
3 22
1 24480
3 13
3 48
1 24166
3 19
2 23
1 26990
2 43
1 29686
2 3
3 41
2 39
1 2891
1 29459
3 30
3 34
2 42
2 44
3 37
3 43
1 22759
2 34
2 33
3 30
3 27
1 23499
1 27931
1 26574
1 27016
2 1
3 47
1 21495
2 14
1 25394
2 12
2 34
2 16
3 4
3 26
2 3
1 28506
3 18
3 42
2 46
3 26
3 23
2 32
2 19
2 16
1 17318
1 1261
3 26
1 1903
3 45
3 5
1 7080
3 45
3 37
1 20005
1 23663
2 40
2 3
2 7
3 5
3 48
3 21
2 38
1 27263
3 24
1 4165
3 17
1 23731
3 33
3 8
1 21478
3 10
3 30
2 9
1 22129
2 48
1 24276
2 41
2 23
2 31
1 16538
1 21330
2 12
3 32
3 16
2 18
1 10494
1 23607
1 24320
2 3
1 27311
3 17
3 25
2 50
1 1681
3 48
3 17
3 47
1 20830
2 49
3 7
1 22307
2 10
3 38
3 16
2 38
2 35
3 43
3 29
3 8
1 28775
3 16
3 37
3 36
3 49
2 4
2 3
1 17145
3 11
3 24
3 49
3 23
2 40
3 23
2 23
1 23822
2 22
1 27641
1 28669
2 1
3 41
1 24127
3 7
1 26250
3 14
3 24
2 38
2 49
2 19
2 18
1 23506
3 43
2 35
3 42
2 31
1 7783
2 45
3 35
2 29
1 29957
3 9
2 27
1 21830
3 50
1 4149
3 4
3 24
2 22
3 44
3 44
1 20272
3 34
1 1920
1 24231
1 0933
3 33
3 6
2 22
1 7033
2 24
1 8389
2 38
2 19
2 25
1 27681
1 23551
3 8
3 28
1 22637
2 38
1 19384
1 9447
3 15
2 13
3 47
1 24915
1 20716
2 22
3 39
3 9
3 15
2 10
3 42
3 34
2 40
3 27
1 20368
3 46
2 48
2 1
2 21
2 39
1 17938
1 28391
1 11163
2 21
2 41
2 22
2 48
2 28
3 10
3 31
3 24
1 5926
2 44
3 22
2 42
2 11
2 43
2 30
3 22
2 7
3 40
2 13
1 29792
2 31
3 41
1 20160
1 27928
1 26189
3 12
1 28451
1 15127
1 849
2 41
2 41
2 21
3 32
3 13
1 21568
3 11
1 25322
1 22349
3 36
2 49
3 44
2 8
3 40
1 26106
1 22452
2 22
1 29377
2 9
2 13
1 1542
3 2
1 4245
3 32
1 7663
2 23
1 26072
1 1574
3 23
1 1198
2 23
1 7463
3 41
1 29945
1 22596
3 3
2 13
3 8
1 22026
3 13
2 44
2 24
2 8
3 3
3 15
3 13
2 4
2 36
1 22740
3 14
1 22550
1 24281
3 16
2 45
3 12
2 28
1 28967
1 23884
3 2
1 5941
2 33
2 26
1 29755
1 1623
3 20
2 3
2 27
1 4
1 27360
2 2
1 29596
3 3
1 6327
2 3
1 057
1 27092
2 18
2 11
2 29
3 7
2 24
3 29
1 3587
3 41
2 23
2 50
1 27021
1 23441
2 33
3 24
1 29381
1 29418
2 49
2 37
3 40
1 24620
1 14189
1 5719
2 6
2 1
2 20
3 3
3 3
3 47
1 9508
1 4060
1 29488
1 26075
3 22
1 24618
1 25381
1 28397
3 46
1 319
3 38
3 20
2 18
1 25858
3 12
1 24701
2 31
1 15944
2 20
3 31
2 31
2 11
2 2
3 21
2 29
1 25457
3 21
1 29649
3 10
2 26
2 47
1 21267
2 37
2 34
1 3693
1 21158
2 3
2 23
2 4
3 1
3 41
3 43
3 22
2 8
1 6952
2 34
1 28510
3 34
2 27
2 29
1 8464
1 11859
1 26840
2 18
1 23830
2 20
2 26
1 3700
3 18
1 19837
2 25
1 24814
1 27455
1 24561
1 29049
3 47
2 20
3 4
1 20219
3 24
3 4
1 961
3 16
2 25
1 8419
1 9670
1 21458
1 23280
3 3
3 37
3 9
3 19
2 45
3 50
2 36
3 24
2 19
3 11
3 24
1 24989
1 26650
1 21550
3 2
3 4
2 13
1 5203
2 1
3 32
3 6
3 19
3 7
1 24859
2 30
1 25225
3 35
2 50
1 24894
2 43
2 29
1 28896
2 31
1 23089
2 14
3 25
3 38
3 1
2 49
2 9
3 12
1 23174
2 47
3 13
2 25
2 50
2 16
1 23537
2 4
1 25616
1 24421
3 9
2 37
1 26927
3 19
3 18
1 12151
2 4
2 19
2 44
1 27348
1 22247
3 42
3 28
1 21688
1 10005
2 4
1 26577
1 22806
2 4
2 35
3 19
3 29
1 22133
3 31
2 4
3 35
3 46
3 42
2 38
1 21014
1 22712
1 25797
2 2
2 41
1 22617
2 19
3 43
1 23972
1 29139
1 21537
1 21319
1 21385
3 30
3 48
2 24
1 20184
3 4
2 1
2 41
1 9307
1 6037
1 21759
3 36
3 20
1 26791
2 41
3 4
3 37
2 32
2 41
2 2
2 46
3 39
3 3
3 38
1 26206
3 23
2 30
1 20177
3 11
3 18
2 48
1 26247
3 47
2 47
2 21
3 31
1 24950
2 23
1 23171
1 20609
3 9
2 32
2 44
3 28
1 8072
3 36
2 33
1 0260
2 17
1 4924
2 11
3 14
1 24864
2 15
3 1
1 7421
2 39
2 31
2 48
1 28401
2 50
1 21797
2 48
2 47
3 43
2 20
2 27
1 26545
3 44
1 23249
2 3
3 2
3 32
1 20748
3 32
3 4
1 25733
2 14
1 25565
2 1
3 39
2 28
3 17
3 3
1 23192
3 19
2 23
3 33
3 1
1 24672
1 21483
1 29101
1 12820
2 32
2 47
3 15
3 3
2 25
1 20959
3 46
2 25
1 4463
1 21648
1 29557
1 1562
3 29
2 12
2 44
1 28844
2 26
2 46
2 35
1 25803
1 9614
1 23289
3 47
1 29683
2 13
2 29
3 33
3 35
3 13
2 33
3 6
3 45
1 629
1 18620
2 47
2 5
2 28
3 43
1 24730
2 42
3 42
3 38
3 3
3 22
1 15499
2 48
1 29315
3 24
3 46
2 49
3 29
3 9
3 39
3 25
2 41
2 2
2 5
2 24
2 36
1 14467
1 2158
2 41
3 11
2 39
3 13
3 10
1 25193
2 42
3 2
2 24
1 23484
2 43
2 11
1 21788
2 16
2 9
3 38
2 32
1 24685
2 33
1 8831
1 2763
3 41
1 1419
1 22539
2 34
3 22
2 43
3 9
2 7
3 9
1 28716
1 7250
3 22
3 4
1 20764
3 31
3 49
3 5
2 34
2 22
1 27338
1 9278
1 18935
2 28
2 43
2 45
2 15
1 25374
3 29
1 25297
1 20556
1 25141
1 29689
2 27
1 31
2 22
2 48
3 23
1 22280
1 24107
2 32
2 48
1 27708
2 5
2 3
3 21
1 19685
2 1
2 25
2 18
1 22975
3 15
3 45
2 9
2 42
2 39
1 29603
3 8
3 12
1 28334
1 28706
1 268
1 29826
1 28394
3 44
2 7
3 18
2 41
1 28629
1 29099
2 49
2 12
3 46
1 25806
1 26066
2 49
3 26
1 22102
1 28949
2 3
1 7671
2 25
2 17
3 15
1 6535
1 26810
2 3
3 38
1 20219
2 17
3 23
2 24
2 34
1 20648
3 17
2 29
2 4
3 36
3 21
2 33
1 23235
3 20
1 24446
1 29680
1 29675
1 20512
3 28
3 1
3 15
3 29
1 23255
1 26636
3 5
3 21
1 29152
3 40
1 25382
3 5
2 27
2 50
1 26221
2 1
1 20875
3 6
3 48
1 24543
1 21184
1 22602
3 29
2 4
3 36
1 21913
2 25
1 26531
2 44
2 50
2 44
1 21974
2 2
1 22359
2 2
3 6
2 46
1 22556
3 28
3 47
1 23047
3 11
2 3
1 29675
2 12
3 25
3 25
2 36
3 30
3 23
3 28
1 10015
1 17824
3 8
3 21
1 26261
1 5020
1 20495
2 41
3 16
2 44
3 37
3 39
1 0847
2 45
2 42
1 27604
3 40
3 49
3 31
3 38
1 4546
3 43
2 41
2 20
2 4
2 15
1 21345
1 26191
1 27145
1 26567
1 4269
2 11
2 42
1 23728
2 31
3 2
1 15100
3 26
1 6144
1 24415
3 21
1 8680
3 3
3 20
2 26
3 44
3 23
3 17
2 42
3 4
2 5
2 39
3 46
1 29195
1 24909
2 2
2 9
3 5
3 42
3 5
3 23
1 5512
2 16
2 14
1 29240
1 7696
1 19617
2 39
3 23
1 22112
2 5
2 46
2 44
2 7
3 15
1 27069
1 5452
2 37
1 29938
3 45
3 42
1 23894
2 34
3 40
1 29440
3 44
1 22641
1 29650
3 48
1 23884
1 27005
2 20
1 9396
3 22
2 35
1 4987
3 19
2 3
3 27
1 9642
1 22364
1 20781
3 39
3 7
1 27939
2 3
1 22928
1 29742
2 39
2 15
1 21336
1 22383
3 10
3 21
3 22
1 22549
3 14
1 25314
1 22198
2 13
1 29197
2 4
1 24034
2 44
1 29775
2 18
3 32
2 44
2 20
3 8
2 37
2 36
1 29090
1 28775
2 42
1 23380
1 26829
2 19
2 21
2 19
1 28935
2 7
2 1
3 44
2 29
1 22724
1 24592
1 20645
1 28037
2 42
3 7
2 34
1 28695
2 41
3 29
2 20
1 25360
3 11
1 22865
2 32
2 20
3 3
1 17567
3 12
3 27
2 10
1 21941
3 7
1 20429
3 12
2 25
1 15715
1 25870
3 28
2 9
1 23000
1 12001
2 2
2 44
1 20038
3 43
2 1
3 23
1 20538
3 43
3 1
3 9
3 4
3 13
3 23
3 37
2 33
3 25
3 5
2 46
2 3
3 15
2 36
3 11
1 27095
1 24699
1 4285
2 9
2 20
2 14
3 19
2 20
2 15
1 25621
2 15
1 18304
2 15
3 17
1 21926
3 4
3 11
3 28
2 12
3 15
1 23741
2 36
3 1
2 25
1 28462
1 958
3 20
3 16
3 22
1 27507
3 26
3 16
1 18558
2 13
1 21174
1 25477
3 26
2 45
3 48
2 42
3 15
1 1663
3 45
1 20231
3 29
3 20
3 35
3 40
1 21900
2 48
1 24156
1 21992
1 20336
3 8
2 16
1 25149
3 15
2 37
2 15
2 36
3 45
1 22242
2 3
2 2
3 4
1 23627
2 29
3 32
2 23
2 28
2 23
1 839
3 40
2 18
3 19
3 21
2 39
2 5
3 10
3 38
1 28055
3 17
1 21731
1 24742
3 24
2 48
3 40
3 39
1 9334
2 6
2 26
2 29
3 48
2 29
3 30
3 3
2 7
2 10
2 34
1 26879
3 38
1 28709
1 17717
3 29
3 26
3 35
3 49
2 16
3 42
2 10
2 6
1 21546
2 26
2 36
2 39
2 50
1 24634
2 28
1 14040
3 19
3 36
1 24065
1 6247
3 35
2 45
1 3679
3 37
3 1
3 40
2 23
3 31
3 27
1 23781
1 6297
3 8
3 8
2 34
2 6
2 23
1 24925
1 21566
3 30
1 22822
3 43
1 26116
3 10
1 8294
2 1
2 39
2 33
1 17419
1 29274
3 50
1 20018
1 8858
1 25644
2 48
3 47
1 27347
1 28137
2 19
3 27
1 29366
2 1
1 28576
1 24123
2 8
2 9
2 30
1 24232
2 35
2 47
3 12
3 8
1 21840
1 4779
1 22269
2 33
3 31
2 7
3 18
1 25649
3 33
3 17
1 2018
1 27442
3 12
1 2065
3 38
3 10
1 6554
2 8
3 39
2 21
3 8
1 28114
2 43
2 17
3 24
1 26474
2 49
3 10
3 21
2 12
2 17
1 26312
3 42
3 35
3 44
3 22
1 7793
3 11
3 22
1 26377
3 29
1 24340
2 19
2 43
1 22756
2 8
2 2
3 11
1 21666
2 42
1 27931
1 27275
2 5
1 20675
3 42
3 30
1 27149
2 42
2 39
1 21621
2 5
1 7
1 17932
1 23396
1 21041
3 27
1 3717
1 25186
3 40
3 40
2 12
2 20
2 31
3 30
1 24962
3 39
2 40
3 16
2 49
2 5
2 7
1 25780
3 29
1 18614
2 4
3 22
3 45
2 4
2 13
1 27434
3 24
1 019
2 40
2 7
1 23414
2 33
1 2936
2 32
3 18
1 5275
2 22
2 31
3 44
3 2
1 29511
1 28458
3 42
3 50
3 23
2 41
2 6
1 24381
3 20
2 36
2 46
1 13925
1 4408
2 43
3 31
3 22
3 26
3 6
3 41
1 3267
1 24013
2 6
3 1
2 48
3 38
2 18
3 24
2 11
3 49
3 17
3 14
2 11
1 20526
2 6
1 462
3 50
1 26746
1 3467
2 33
1 24217
2 4
1 430
1 4493
3 13
2 22
1 24723
1 26087
1 2547
1 29231
3 29
2 16
1 23243
2 34
2 16
3 42
2 23
1 26036
3 17
1 29833
1 13386
3 35
3 49
2 46
3 11
2 4
1 27059
3 10
2 1
1 16877
1 144
3 19
3 30
2 24
2 11
2 43
1 7845
2 36
3 31
2 42
3 16
3 9
2 9
1 29560
2 42
3 24
1 22453
1 23417
3 11
1 13919
1 29601
2 46
3 3
1 29699
1 7741
3 13
2 4
2 1
3 25
1 22154
2 27
1 24068
2 24
2 9
3 41
3 35
2 3
3 36
1 0422
1 24583
2 29
1 26739
1 21941
3 37
2 48
3 34
3 12
2 2
3 50
3 23
3 20
1 27151
2 18
3 22
1 23201
3 11
3 37
3 5
1 21061
3 11
3 10
1 5440
1 7328
2 34
2 48
3 21
1 2620
3 50
3 6
2 43
2 32
2 34
3 31
2 22
2 22
1 28780
1 22357
2 33
3 31
1 26259
2 7
2 50
1 3409
3 25
3 23
2 11
3 35
2 9
1 23715
1 28547
2 19
2 27
2 36
2 49
3 12
3 35
3 21
1 11231
1 28234
2 26
3 25
3 15
1 16861
3 5
1 26388
1 29734
3 36
3 47
2 18
3 16
3 5
1 22225
2 17
2 15
2 49
2 39
3 25
1 20935
1 27148
2 42
2 33
2 18
1 23468
3 21
1 20168
1 2079
1 29055
3 38
2 11
2 39
3 15
1 26635
1 21805
1 5877
3 41
2 43
1 25610
3 26
1 23289
3 28
3 43
2 43
1 1004
2 9
3 9
2 2
1 21247
3 33
1 21738
1 24746
2 24
2 20
2 14
2 43
3 40
3 33
1 28573
3 45
3 21
2 33
2 35
2 37
1 21219
3 39
2 14
1 23661
1 2783
1 24775
2 38
3 21
3 4
2 30
1 27065
3 7
3 38
1 19173
3 10
1 28887
1 21708
3 47
1 23632
1 28383
2 17
3 47
2 26
1 24758
2 30
3 48
1 23904
1 23902
2 33
3 38
3 38
2 3
2 27
3 1
3 16
1 11359
3 28
1 23603
3 32
3 31
2 35
1 7198
3 40
2 24
2 23
2 49
2 10
2 30
2 46
2 44
2 14
1 2714
1 25140
2 39
2 21
3 19
2 39
3 27
1 28670
3 23
2 14
2 10
2 27
1 992
1 29510
3 42
2 3
3 39
3 47
1 24484
3 22
2 31
2 33
2 11
1 25804
3 5
2 9
3 16
2 36
1 20854
2 9
2 50
1 29919
1 24498
1 24740
3 42
3 19
2 30
3 18
1 640
2 2
1 9531
2 49
1 179
2 25
2 11
3 22
3 27
2 49
1 16920
1 20412
2 20
2 50
2 46
2 30
3 6
2 1
3 41
2 23
1 23438
3 46
2 31
3 39
2 15
2 30
3 29
2 6
1 28098
1 27458
1 723
2 38
3 12
2 5
1 15236
1 17742
2 31
3 46
1 14313
2 9
3 45
1 7585
1 28170
1 25266
3 34
3 16
2 48
3 41
2 18
2 38
2 13
3 7
3 33
3 45
2 46
1 349
1 24825
1 26726
3 6
2 22
2 35
3 30
1 21659
2 46
2 37
2 47
2 37
1 7817
2 42
3 2
3 26
1 17788
1 21736
1 20097
2 4
3 21
3 14
1 17551
3 14
2 33
3 40
2 26
1 25290
2 24
1 8821
3 37
3 25
3 47
1 29864
2 30
1 2918
3 48
1 27310
2 29
1 26144
3 46
1 24175
3 32
1 21112
3 16
2 35
1 39
3 4
3 22
1 23136
2 9
3 43
3 49
3 11
3 6
3 32
3 2
1 23183
1 24823
1 0875
3 5
1 1609
3 49
2 1
2 22
1 23479
3 21
2 21
2 40
3 49
2 16
2 35
3 23
2 48
2 48
3 40
2 34
3 37
1 3245
1 24106
3 22
3 3
1 2348
1 6620
2 15
1 29055
3 1
2 16
1 28589
3 25
3 43
1 3296
1 22583
2 43
3 46
3 6
3 23
1 29266
1 28627
2 12
3 14
1 29342
1 7346
3 38
3 41
3 46
1 20978
1 21925
3 32
1 4222
2 32
3 3
3 25
2 29
1 3222
3 41
3 35
3 25
1 21107
2 25
1 20349
1 21851
2 20
2 34
3 43
2 16
2 39
1 21566
2 33
1 4667
2 29
2 49
1 20361
3 27
2 36
1 22751
1 20122
2 13
2 27
1 22653
2 37
1 3408
3 5
3 13
2 38
1 28828
2 3
3 24
1 24554
3 11
1 16049
2 5
3 11
2 18
1 538
1 25656
1 4433
2 28
1 23573
3 18
2 47
3 1
1 26216
3 7
1 16927
1 9253
1 27059
1 23400
2 18
3 36
1 26052
2 4
3 45
1 21658
1 5766
2 33
2 36
2 20
1 29658
1 21391
2 31
1 15706
3 45
3 43
1 20124
3 34
3 48
1 20908
3 14
1 9070
2 25
2 10
1 23823
3 42
3 18
1 7101
3 47
1 1426
2 1
2 14
3 13
3 2
3 17
2 8
1 18210
1 22384
1 2392
3 47
3 3
2 49
3 37
1 8683
3 7
3 34
3 26
3 30
3 19
2 25
2 39
3 32
3 45
3 16
3 43
1 29619
3 9
3 10
1 6719
3 5
3 38
1 7219
2 18
3 50
3 21
2 36
2 9
3 32
3 19
2 50
1 29730
2 24
3 1
1 22518
2 8
1 29509
3 1
2 35
3 38
1 5622
1 4010
1 21578
1 9403
1 29806
1 16743
1 29596
2 24
2 2
3 7
3 42
2 8
3 44
3 11
1 27076
3 44
3 33
2 13
1 29302
3 16
1 26734
1 26304
3 47
3 7
1 21706
1 26764
1 25566
1 21214
1 1067
2 1
1 21303
2 38
1 23210
2 30
1 2442
2 17
1 25975
1 22037
3 40
3 28
2 46
2 33
1 21885
2 39
2 43
1 25312
2 34
2 27
3 25
3 36
1 28994
1 24110
3 41
1 23240
3 18
2 48
2 4
3 33
2 11
3 22
3 33
3 15
2 9
3 44
3 46
2 50
2 10
3 20
3 39
1 13399
2 49
1 23834
2 32
3 34
1 5572
1 25676
3 47
2 6
2 5
2 23
2 43
3 48
2 32
3 35
1 18738
2 49
1 16082
3 43
1 22482
2 44
2 14
3 14
2 8
3 24
3 8
1 28053
2 25
1 28017
1 7625
2 13
2 18
3 23
3 48
1 28801
2 8
3 22
2 28
1 29555
2 29
1 7332
3 27
2 23
1 2830
2 9
1 26757
1 27919
3 9
1 29190
3 11
3 40
2 33
2 26
1 24956
1 19142
2 1
1 24715
2 44
1 17075
3 33
2 20
3 40
1 16850
1 25195
3 37
2 2
2 2
3 8
1 22830
3 8
3 36
2 13
3 35
1 28310
2 44
1 29545
1 5066
3 12
3 3
2 5
3 24
1 24295
1 2589
1 21201
2 50
2 30
3 1
3 16
3 26
1 29476
2 48
3 45
3 15
1 2600
3 41
3 1
3 1
3 43
3 11
3 32
3 50
2 48
2 45
3 36
3 8
3 38
1 6032
1 21675
2 50
2 35
2 32
1 8925
3 31
2 20
3 26
1 29782
1 22952
2 26
1 20097
1 28227
2 3
1 29494
3 23
3 19
1 2093
3 14
2 22
3 46
3 8
1 27182
1 26827
3 7
3 31
2 21
3 45
3 40
3 11
3 26
3 15
2 12
2 12
2 46
1 4336
1 17292
1 27267
3 13
2 23
1 20218
1 9691
3 19
2 46
1 28043
3 13
2 19
3 12
1 25107
2 34
1 183
3 2
1 25691
3 16
1 24979
1 22749
3 48
1 28451
3 43
3 38
3 11
1 23169
3 2
2 22
2 30
2 49
2 10
1 29924
2 15
1 4822
2 46
3 35
3 14
1 20517
2 30
1 5259
1 23531
1 8248
3 20
1 18637
2 31
1 28254
2 41
1 21473
1 28321
2 19
2 22
1 3868
2 21
3 16
1 11505
2 34
3 36
3 8
1 26857
2 18
1 29408
2 18
3 41
3 23
1 22040
2 38
3 9
1 29255
3 4
2 38
1 24513
2 34
2 38
1 2584
2 23
2 20
2 39
3 13
3 43
3 9
3 33
1 9316
3 29
1 25503
3 31
3 35
1 19038
2 17
2 43
1 25895
2 34
1 22250
3 12
1 25124
3 24
1 11503
3 11
2 32
1 7110
1 23867
1 6772
2 22
2 50
1 28259
2 6
1 25174
2 28
1 21394
1 23286
1 24270
1 23255
3 18
1 23585
3 33
1 27723
1 23416
3 17
2 10
3 34
2 11
2 6
2 17
2 13
3 20
1 27290
2 36
3 24
1 24702
1 29320
2 33
1 8568
3 41
3 5
2 20
3 49
3 12
1 295
2 26
3 5
1 3581
2 48
1 20259
1 5800
3 34
3 43
2 22
1 3849
3 10
1 16634
2 34
1 29920
3 41
3 50
3 32
2 10
1 5641
2 20
2 36
2 43
3 39
1 26568
2 12
2 31
3 22
2 33
2 29
2 33
2 28
3 6
2 40
3 10
1 25255
2 50
1 16409
2 39
2 43
2 33
3 39
1 20952
3 18
1 25723
2 23
3 8
2 22
2 7
2 20
2 13
1 26278
1 21205
1 0057
3 18
1 27772
1 1670
3 48
1 746
3 5
1 24378
3 30
2 32
1 29135
2 21
1 26043
2 40
1 23471
2 1
1 20078
3 13
1 8733
1 15966
1 23566
1 28000
1 8040
3 40
1 5610
2 12
1 27348
2 29
2 26
2 25
1 21235
2 32
3 42
1 5358
3 3
3 41
2 5
2 7
3 18
2 37
3 40
1 3705
1 29407
1 3432
1 18094
1 29229
2 35
1 24523
1 25491
3 19
1 6840
2 8
1 21671
3 30
1 18900
1 27280
2 41
3 47
3 10
3 16
1 29872
3 46
3 49
1 27865
2 3
2 3
3 6
3 8
1 29860
1 16275
1 27196
3 1
1 19979
1 26602
2 33
1 24424
3 33
3 19
3 46
3 25
3 37
3 38
1 29433
3 9
2 17
3 32
1 8238
2 9
2 30
1 21899
1 20124
3 1
1 26794
1 4474
1 8666
2 49
3 26
3 23
2 8
1 28587
3 47
3 3
1 22188
2 28
1 27606
2 22
3 1
1 9788
2 42
2 49
3 13
2 30
3 36
2 47
2 39
2 2
1 24280
2 28
3 12
2 9
3 27
1 5037
1 26010
2 22
1 29510
2 27
3 20
1 28237
2 1
2 29
2 26
2 49
2 31
3 15
1 22776
3 39
1 23638
1 22879
3 26
3 29
2 29
3 40
3 8
1 5816
1 22786
1 25796
3 19
2 15
3 24
3 30
1 22274
3 2
3 16
2 35
1 22575
2 25
1 22013
1 19747
3 13
3 13
3 25
2 40
3 13
2 8
2 4
3 39
2 46
3 41
3 19
2 23
1 20471
3 47
1 2165
3 29
3 12
3 50
3 26
3 30
1 28367
2 1
1 11309
2 42
2 4
3 24
1 1626
3 29
2 50
1 29990
2 27
3 14
1 2454
1 23351
1 27104
3 16
3 10
2 7
3 6
1 29307
1 5700
3 24
2 30
2 20
2 22
3 44
1 1000
2 33
2 45
3 28
3 14
3 11
3 30
3 24
2 2
2 34
3 49
2 29
3 14
3 48
3 20
1 7990
2 14
1 27523
2 42
3 17
1 22241
1 7402
2 25
1 25646
2 8
3 24
1 3322
1 24989
2 46
2 43
3 32
2 47
1 29428
2 29
3 24
1 20393
2 41
3 4
3 17
1 1693
1 23889
1 6565
3 23
3 2
1 1915
2 45
3 43
2 28
1 2069
1 4934
2 46
1 24309
2 35
3 20
2 5
3 45
3 46
2 28
3 33
1 25893
1 6820
1 25817
1 26189
3 47
3 45
3 15
3 40
1 27585
3 20
1 5658
2 29
3 8
2 24
1 8754
1 8061
2 38
3 48
1 21655
3 17
3 16
3 38
2 14
2 27
1 275
2 36
1 29631
2 19
1 14183
3 10
2 3
3 25
1 22429
2 19
3 15
1 5028
1 6215
3 31
1 28019
2 50
2 50
2 26
3 30
2 9
3 1
1 20885
3 21
1 15441
1 27832
1 25925
1 5409
3 50
3 15
2 23
2 26
1 24139
3 8
3 8
3 9
3 42
3 17
3 11
2 18
3 47
2 32
2 34
1 28274
1 24346
2 15
2 44
2 47
1 28466
3 21
3 29
3 27
2 22
1 27513
2 47
3 12
1 21697
3 24
3 20
2 46
3 40
1 28944
3 23
2 30
3 3
2 32
2 38
3 44
1 23798
1 13000
3 11
2 46
3 31
1 25545
3 20
3 29
1 29311
1 0665
2 25
1 7776
1 23336
2 3
3 2
3 7
3 18
3 1
2 20
3 14
3 26
1 29789
1 29761
1 21765
2 33
1 23883
2 44
2 35
3 14
3 33
1 21331
1 23363
1 26132
3 41
2 8
1 3615
2 37
2 29
3 43
2 47
3 44
2 19
2 25
3 31
1 27424
3 28
3 37
3 41
3 30
1 23758
3 6
3 5
2 48
2 16
3 21
3 32
2 50
1 25966
2 19
1 22313
1 29098
2 49
2 27
2 32
3 41
1 5136
2 48
1 25128
2 17
2 40
3 26
2 12
3 10
1 16500
1 23192
1 8883
1 29878
1 29280
3 25
1 27357
1 23037
1 28580
1 26514
3 34
2 45
3 36
3 16
1 26544
1 9752
1 24984
2 8
2 1
3 32
1 23586
1 26782
2 24
2 22
3 31
3 1
2 38
1 21670
2 27
3 49
1 29482
3 28
2 42
2 14
1 29857
2 21
1 27839
1 7214
3 7
2 18
1 20079
3 42
3 15
2 14
3 9
3 8
2 17
1 23442
2 18
1 5168
1 23175
3 3
1 28301
2 49
1 26976
3 32
2 1
3 15
1 21003
3 29
3 15
1 484
3 7
1 306
2 50
1 2713
2 26
1 23038
2 28
2 34
2 7
1 2708
2 28
3 21
2 22
2 36
2 31
3 38
2 30
1 7448
1 28057
3 4
3 2
2 8
2 4
2 28
2 41
2 5
1 20992
2 43
1 29983
3 7
3 29
1 29191
1 25364
2 28
2 4
3 42
3 15
1 24533
2 27
2 23
1 17241
1 27654
1 29944
3 12
2 42
3 26
2 1
2 21
1 2873
3 10
2 26
1 8574
1 3819
1 9080
3 3
2 9
2 36
1 24947
3 1
1 2520
2 5
3 31
2 11
2 18
1 24808
1 23614
2 11
1 2924
2 46
1 19288
3 47
3 36
1 23293
3 42
2 49
1 29734
2 17
1 28602
2 4
1 27791
3 11
1 28830
1 22716
1 23529
1 24261
1 20319
2 39
3 48
1 15265
2 41
3 17
2 19
1 28022
1 21027
2 38
3 29
2 42
3 49
3 3
3 38
1 21886
2 1
3 25
2 28
2 42
1 22776
3 14
1 27010
2 29
2 17
1 24800
1 3791
2 48
2 15
1 27319
2 10
2 35
3 7
2 7
1 29449
2 49
2 24
2 19
3 20
3 2
3 9
3 49
2 44
1 27007
2 3
3 31
1 25244
1 26903
2 7
3 23
3 46
1 5434
2 36
3 5
2 12
3 5
2 4
1 26952
2 4
3 20
2 22
1 27066
3 5
2 30
3 24
3 3
3 29
2 49
2 24
3 48
2 1
3 32
2 48
3 44
3 40
1 21850
2 26
1 21435
2 4
1 20584
1 24559
1 20449
2 18
2 47
1 29155
3 31
3 3
2 8
3 33
1 958
3 30
2 6
2 23
2 34
1 23136
2 47
2 38
1 28166
1 23647
3 11
1 29863
2 47
3 44
3 13
1 28690
2 35
1 21962
1 2967
3 21
3 18
2 1
1 23330
1 10218
3 18
2 26
2 23
2 48
1 21628
1 22032
3 32
3 35
3 11
2 38
1 26960
2 44
2 25
3 8
3 32
3 40
3 4
1 2794
1 7254
1 26851
3 40
1 27366
3 42
3 24
2 28
3 9
3 45
2 47
1 28409
3 26
2 14
1 24328
2 1
1 15038
3 25
3 30
2 20
2 9
3 14
2 32
3 46
3 25
1 20078
2 20
3 32
1 24559
2 11
3 36
1 23704
2 14
1 20388
1 27643
3 30
1 22279
3 19
2 9
3 39
2 15
3 5
1 21897
2 40
2 20
1 26224
3 40
3 8
3 1
3 21
1 6879
3 9
2 36
3 12
3 6
3 11
1 22439
2 27
2 42
2 49
1 26837
1 0129
2 3
3 2
2 16
3 47
3 31
2 47
3 15
2 39
2 35
2 29
2 45
2 34
3 20
3 17
3 9
3 9
2 26
1 15459
3 31
3 4
1 23519
2 17
3 17
3 26
1 20527
3 8
2 2
3 18
2 6
2 40
1 7247
1 20260
3 42
3 14
1 1307
3 22
2 10
1 27623
1 15063
1 12247
2 4
2 9
3 30
3 23
2 25
3 40
3 34
1 24400
1 751
2 14
1 26755
1 8269
1 22880
3 22
1 29295
1 23406
1 14979
3 48
1 16876
3 36
2 38
2 24
1 28446
1 15681
1 24587
2 4
3 2
3 49
3 28
1 20366
3 47
2 31
3 25
3 26
1 29856
2 49
3 17
3 39
3 49
3 17
3 4
3 3
1 28236
3 34
1 20576
1 13882
2 41
2 6
3 29
2 16
1 20092
3 18
3 39
2 39
3 48
1 2028
3 44
1 29202
1 2578
2 21
1 29567
3 24
3 4
2 43
3 1
2 11
3 42
2 17
1 11651
3 42
2 34
1 22754
2 46
2 21
1 6737
2 22
1 27654
2 28
1 24129
1 28034
3 45
2 22
3 2
3 36
3 10
3 1
1 26913
3 5
1 22054
1 25842
1 22928
2 21
2 17
1 6033
3 15
1 25217
2 43
3 6
1 24435
1 643
2 49
2 20
1 23396
2 45
2 42
2 35
1 24118
3 45
1 6962
2 48
3 29
1 20758
3 20
3 32
1 5643
2 29
3 32
2 7
1 29784
3 36
3 48
2 11
2 8
1 22314
3 43
2 24
2 32
2 37
2 32
2 19
3 29
1 25780
2 38
1 24476
3 26
1 2032
3 10
3 45
3 26
1 24273
1 9093
2 4
1 5031
1 24262
2 37
2 25
3 42
2 21
2 32
1 27377
2 8
1 10679
2 39
1 29867
2 45
2 33
3 40
3 28
1 25619
1 27821
3 46
1 6699
2 3
2 36
1 21175
1 3978
2 17
1 28486
1 28473
1 27992
2 11
2 17
3 48
3 43
3 28
3 36
2 17
2 21
1 23756
3 48
3 48
3 13
1 20479
2 38
1 4929
3 25
1 7471
3 19
3 2
2 39
3 41
2 50
2 40
2 43
3 35
3 16
3 21
2 1
3 3
1 26495
3 44
1 27613
3 13
3 43
1 24457
3 42
3 29
3 24
2 12
1 28134
3 23
2 11
3 47
1 28603
1 2499
3 27
3 29
2 19
2 47
2 31
1 29409
3 40
2 30
2 50
2 32
2 16
2 15
1 4204
1 10966
2 18
2 50
3 11
3 32
1 23812
3 4
1 22489
1 25103
3 32
1 20814
2 15
1 28017
3 38
1 25077
3 15
1 23893
2 25
1 22042
3 21
3 45
3 40
3 3
1 9656
2 29
1 27834
1 21555
1 7461
2 49
2 20
2 16
3 16
1 27539
3 16
1 27777
2 20
1 8877
3 32
2 10
1 0332
3 15
3 25
3 48
3 31
3 15
1 23924
3 46
2 7
2 1
1 27139
1 22129
3 45
2 28
1 20382
1 21400
1 21207
1 24567
1 2955
2 19
1 27216
1 6426
3 34
3 33
2 14
3 1
3 9
3 35
3 30
1 10942
3 47
1 20011
1 4106
3 23
1 5210
1 25287
3 37
2 33
1 20384
1 22193
1 26983
2 22
3 22
1 15080
3 49
3 5
2 31
1 25007
2 21
3 35
2 25
2 38
1 18562
1 29411
2 21
3 27
3 13
3 31
2 14
3 42
3 23
2 10
1 26254
1 25428
1 22332
2 13
1 7066
2 19
1 10596
1 7449
2 13
1 23930
3 20
1 22986
2 11
3 21
2 40
1 28192
1 23777
3 13
1 23976
2 4
1 25200
2 40
1 5916
3 22
1 27766
1 26128
2 3
3 29
1 22372
1 5975
2 40
2 25
1 27754
3 24
